Fahrtkosten,g0,g1,g2,g3,g4,g5,g6,g7,g8,g9,g10,g11,g12,g13,g14,g15,g16,g17,g18,g19,g20,g21,g22,g23,g24,g25,g26,g27,g28,g29,g30,g31,g32,g33,g34,g35,g36,g37,g38,g39,g40,g41,g42,g43,g44,g45,g46,g47,g48,g49,g50,g51,g52,g53,g54,g55,g56,g57,g58,g59,g60,g61,g62,g63,g64,g65,g66,g67,g68,g69,g70,g71,g72,g73,g74,g75,g76,g77,g78,g79,g80,g81,g82,g83,g84,g85,g86,g87,g88,g89,g90,g91,g92,g93,g94,g95,g96,g97,g98,g99
g0,0,417,514,486,307,518,614,870,389,313,827,739,557,586,1009,765,807,387,251,860,412,516,358,807,370,865,843,624,759,521,569,724,900,656,724,470,775,483,482,568,387,785,853,411,244,760,938,524,352,927,296,719,525,609,608,434,710,950,454,545,297,757,345,865,724,656,551,494,881,516,977,707,971,480,453,254,529,433,303,905,181,886,669,145,805,684,451,560,335,580,246,656,996,394,638,682,585,283,344,957
g1,417,0,228,379,118,107,197,569,553,689,858,511,164,366,701,354,790,57,596,604,104,433,155,754,699,470,622,214,351,378,178,322,876,239,420,646,361,641,149,507,31,412,484,11,593,536,672,643,694,909,121,693,124,661,258,563,312,661,96,289,254,665,574,569,671,259,192,507,627,146,600,786,980,181,345,577,112,453,286,846,302,703,476,339,587,601,236,333,473,686,508,544,681,697,259,548,536,219,157,973
g2,514,228,0,202,306,194,262,366,469,706,670,283,333,140,505,327,589,192,604,384,332,251,158,545,679,378,396,221,310,181,346,265,670,283,215,547,346,534,81,319,243,282,345,238,605,308,456,515,685,703,267,495,164,498,111,457,248,454,316,61,462,449,520,363,467,206,93,355,407,345,469,622,779,403,184,576,240,322,495,631,470,474,249,384,359,392,77,108,401,546,491,331,489,662,163,329,348,422,376,774
g3,486,379,202,0,404,383,462,423,297,587,480,263,518,139,554,522,411,325,486,387,476,53,235,380,535,545,360,423,503,43,532,457,499,485,305,360,542,344,264,128,379,439,486,386,490,281,465,318,548,531,353,314,358,297,300,272,440,488,475,166,552,300,364,415,295,404,295,155,406,518,602,422,601,560,38,454,428,134,583,475,516,401,187,341,323,230,147,137,248,344,368,182,548,508,357,201,157,510,491,594
g4,307,118,306,404,0,225,313,666,511,596,867,585,251,430,802,472,811,117,509,690,114,456,171,785,620,588,698,333,470,417,263,441,901,355,515,606,479,606,238,528,87,526,598,110,506,610,762,619,612,933,53,713,241,657,362,531,430,756,149,360,156,703,516,665,699,377,296,506,713,213,716,779,998,199,367,496,227,445,189,880,183,770,538,255,661,635,284,398,432,668,437,584,784,625,372,595,556,116,88,989
g5,518,107,194,383,225,0,100,487,606,777,861,457,140,331,614,248,783,133,680,535,183,436,205,739,776,364,564,107,244,371,152,216,864,140,344,694,256,686,119,507,137,311,383,115,678,481,597,679,775,897,222,688,32,679,177,607,206,579,149,253,354,643,639,488,661,154,119,529,558,157,496,804,973,228,356,659,46,483,385,825,409,652,437,427,531,586,236,301,529,716,584,525,592,770,162,523,537,323,254,968
g6,614,197,262,462,313,100,0,480,702,878,931,487,127,386,594,165,847,233,781,546,243,512,305,798,877,298,586,59,168,443,131,156,923,42,355,788,168,779,203,581,228,274,341,204,779,511,598,768,876,956,318,755,111,759,200,700,154,571,198,313,422,698,738,483,724,119,170,613,567,171,440,884,1035,253,439,760,86,572,450,878,492,681,484,527,557,648,320,360,626,802,684,585,570,870,157,578,610,396,322,1031
g7,870,569,366,423,666,487,480,0,710,1010,673,178,602,291,139,390,568,549,909,105,666,428,524,500,955,294,177,421,369,379,610,345,608,465,151,754,410,732,427,440,591,224,195,580,913,176,122,687,970,634,632,512,456,609,312,675,338,92,635,325,819,407,783,11,468,360,377,536,115,637,244,700,720,714,441,877,522,547,852,537,836,272,254,731,178,408,419,311,670,687,791,363,127,925,329,330,455,781,726,724
g8,389,553,469,297,511,606,702,710,0,327,443,536,716,436,833,796,440,496,244,655,618,281,403,456,249,838,609,677,780,339,731,734,528,734,602,95,814,99,501,282,537,732,783,555,251,548,730,135,269,553,463,366,591,232,579,52,718,764,639,453,607,438,81,701,386,674,555,181,671,697,899,318,588,707,294,211,642,164,628,549,519,613,457,289,578,375,393,432,80,191,152,379,831,215,632,413,282,572,594,572
g9,313,689,706,587,596,777,878,1010,327,0,729,846,845,721,1141,1009,750,645,102,969,709,589,581,777,111,1084,929,873,998,631,858,957,832,917,884,348,1023,372,705,605,662,988,1048,686,101,861,1046,432,80,852,570,688,774,545,816,377,941,1074,746,713,610,766,245,1003,711,890,772,505,986,809,1171,593,869,785,569,132,799,472,616,864,495,939,767,350,896,703,629,708,343,479,219,703,1135,158,859,737,608,594,650,852
g10,827,858,670,480,867,861,931,673,443,729,0,516,998,549,738,952,105,803,670,574,951,427,709,175,622,925,500,884,930,490,1012,887,122,947,657,384,974,363,741,353,856,820,836,865,678,507,616,309,652,130,814,178,834,219,743,394,871,672,955,618,998,267,508,662,215,850,760,362,574,999,916,136,145,1038,513,641,906,425,1025,190,931,430,473,707,495,290,627,572,492,255,595,353,751,575,800,371,324,958,956,130
g11,739,511,283,263,585,457,487,178,536,846,516,0,592,158,296,457,414,475,747,123,615,258,422,350,784,410,113,430,434,221,603,396,470,488,148,576,480,554,362,262,526,309,319,521,751,25,202,508,801,500,542,346,425,431,288,499,382,228,595,225,742,250,613,169,303,379,337,359,143,614,406,527,585,680,289,714,500,376,775,410,736,195,79,595,76,236,307,189,503,509,629,186,294,752,333,154,276,701,659,586
g12,557,164,333,518,251,140,127,602,716,845,998,592,0,471,720,281,922,220,755,662,150,572,314,879,861,421,697,182,289,509,14,282,1004,157,470,808,278,803,257,644,186,401,468,164,752,616,719,801,855,1036,276,826,170,810,305,724,281,694,104,393,322,783,739,605,800,243,256,658,684,51,565,936,1112,130,489,738,94,608,346,965,410,788,576,498,665,726,371,441,637,842,672,665,696,861,274,663,674,304,229,1106
g13,586,366,140,139,430,331,386,291,436,721,549,158,471,0,427,408,461,325,620,275,470,165,264,412,674,413,270,336,387,97,483,342,537,399,165,496,430,479,221,213,377,305,348,376,623,182,353,446,686,570,385,371,300,402,194,410,326,365,456,78,587,313,504,285,338,301,218,282,297,484,462,520,649,543,152,589,377,273,620,494,578,339,110,444,232,262,149,32,386,464,502,199,418,647,251,192,240,545,508,645
g14,1009,701,505,554,802,614,594,139,833,1141,738,296,720,427,0,479,633,685,1041,181,796,554,663,563,1081,355,245,538,460,511,726,447,655,573,289,869,496,847,563,556,725,322,267,712,1045,285,122,797,1098,677,770,595,585,710,443,795,443,71,763,464,954,484,910,143,551,476,509,655,171,758,247,786,761,838,576,1009,646,673,987,578,974,309,376,869,265,503,558,449,799,791,923,469,27,1049,452,434,566,916,859,768
g15,765,354,327,522,472,248,165,390,796,1009,952,457,281,408,479,0,858,378,909,478,408,564,428,800,996,142,535,141,23,491,282,66,923,125,309,874,22,861,305,621,385,166,212,362,909,476,513,840,999,954,469,774,240,809,222,785,82,472,363,356,588,698,844,397,737,122,242,677,496,330,288,929,1038,412,510,885,249,648,616,867,654,635,480,664,513,662,402,393,726,865,804,599,452,983,165,582,648,561,488,1037
g16,807,790,589,411,811,783,847,568,440,750,105,414,922,461,633,858,0,737,680,468,887,358,646,69,650,824,395,797,835,413,935,793,92,860,558,402,880,378,664,284,791,721,733,798,688,403,510,318,678,123,758,98,754,208,654,388,777,566,886,534,950,164,515,557,122,760,677,319,468,927,811,188,190,971,447,649,829,383,979,116,894,326,377,678,390,198,555,486,474,273,591,262,645,604,710,275,255,909,899,184
g17,387,57,192,325,117,133,233,549,496,645,803,475,220,325,685,378,737,0,549,576,151,379,97,703,649,482,588,237,371,328,234,338,824,273,398,589,388,584,121,453,54,413,484,62,547,500,647,585,646,856,94,639,138,604,246,505,325,640,152,250,271,615,520,548,619,271,180,450,599,203,604,729,927,234,290,529,155,395,304,796,295,664,434,294,551,550,186,292,417,628,457,494,666,645,260,501,482,231,183,919
g18,251,596,604,486,509,680,781,909,244,102,670,747,755,620,1041,909,680,549,0,870,623,491,481,700,119,982,833,774,898,530,768,856,766,820,782,285,924,307,605,512,570,885,946,593,8,763,948,364,103,788,478,610,676,472,714,295,840,975,658,610,541,680,165,902,629,789,671,414,888,721,1068,537,814,703,468,33,704,375,551,791,429,848,669,257,799,615,527,606,246,415,118,610,1035,145,758,643,517,520,570,797
g19,860,604,384,387,690,535,546,105,655,969,574,123,662,275,181,478,468,576,870,0,706,380,533,399,904,395,74,487,456,345,671,426,504,538,192,688,499,665,456,376,623,314,296,615,875,107,78,616,922,530,650,420,504,529,359,616,416,110,681,331,846,311,733,94,375,429,418,475,23,691,348,610,616,764,413,837,575,497,879,433,849,167,201,717,84,323,420,303,626,610,752,287,185,871,390,252,385,806,758,621
g20,412,104,332,476,114,183,243,666,618,709,951,615,150,470,796,408,887,151,623,706,0,529,242,854,734,538,726,280,411,479,159,391,975,284,520,713,410,712,253,603,96,495,566,94,619,640,773,720,726,1007,155,789,211,748,354,635,384,758,46,393,179,766,628,667,770,335,290,595,729,104,676,873,1077,89,440,610,162,537,207,947,260,807,580,369,691,701,337,437,538,766,551,645,774,739,346,651,632,156,80,1069
g21,516,433,251,53,456,436,512,428,281,589,427,258,572,165,554,564,358,379,491,380,529,0,288,328,527,578,343,471,544,73,585,498,446,534,326,333,584,314,316,74,432,470,512,440,495,272,457,281,543,478,403,260,410,248,343,249,481,486,529,208,601,253,355,420,243,449,344,117,397,572,624,371,548,613,89,458,481,118,631,425,559,372,178,372,308,181,201,172,246,302,373,141,550,496,400,165,103,559,543,540
g22,358,155,158,235,171,205,305,524,403,581,709,422,314,264,663,428,646,97,481,533,242,288,0,616,572,512,534,293,418,245,329,377,735,342,373,494,442,488,127,362,147,427,495,160,480,446,608,488,573,767,122,548,196,507,250,409,363,610,249,202,325,532,433,521,531,310,196,353,556,301,618,632,835,329,199,458,239,298,357,711,315,601,369,239,496,465,115,233,325,531,380,412,647,564,284,423,390,283,256,826
g23,807,754,545,380,785,739,798,500,456,777,175,350,879,412,563,800,69,703,700,399,854,328,616,0,681,760,326,746,777,375,892,736,125,809,496,432,822,407,623,257,757,659,669,763,707,338,441,346,708,158,732,90,710,232,602,404,721,497,850,487,929,102,535,489,86,706,629,313,399,887,743,244,238,936,417,668,785,375,958,99,880,257,320,672,322,153,518,439,479,309,603,214,576,636,656,220,231,887,872,237
g24,370,699,679,535,620,776,877,955,249,111,622,784,861,674,1081,996,650,649,119,904,734,527,572,681,0,1057,859,865,983,578,874,939,729,914,839,249,1012,274,691,532,675,956,1013,697,126,797,980,335,31,748,585,594,769,449,791,294,923,1012,767,676,660,679,171,947,621,874,754,431,920,830,1133,486,762,816,523,124,804,408,670,765,548,860,705,365,828,621,601,664,287,377,192,628,1078,48,839,663,530,638,684,744
g25,865,470,378,545,588,364,298,294,838,1084,925,410,421,413,355,142,824,482,982,395,538,578,512,760,1057,0,461,258,131,507,422,148,879,263,268,906,152,890,385,623,500,108,99,479,982,422,411,859,1064,908,576,751,347,811,268,818,157,362,495,384,716,660,896,303,709,211,316,695,409,468,146,922,993,551,543,954,376,679,745,814,772,561,455,751,449,638,456,408,776,877,870,579,328,1038,228,555,646,686,615,995
g26,843,622,396,360,698,564,586,177,609,929,500,113,697,270,245,535,395,588,833,74,726,343,534,326,859,461,0,528,512,322,707,478,430,582,233,635,556,611,473,327,638,374,364,633,838,88,126,559,878,457,655,350,532,466,391,567,467,175,705,338,855,240,689,167,306,473,444,428,74,721,421,541,542,790,391,800,606,457,888,359,848,100,174,698,38,259,419,301,587,549,716,232,253,823,429,197,331,814,772,547
g27,624,214,221,423,333,107,59,421,677,873,884,430,182,336,538,141,797,237,774,487,280,471,293,746,865,258,528,0,136,400,188,111,872,63,296,761,151,750,176,537,245,221,289,223,773,453,540,735,866,904,328,707,99,719,145,672,104,513,238,266,457,646,719,425,674,61,127,576,508,222,395,843,985,303,404,751,117,539,486,824,516,623,430,526,499,598,287,312,604,766,672,535,514,855,98,526,566,427,356,981
g28,759,351,310,503,470,244,168,369,780,998,930,434,289,387,460,23,835,371,898,456,411,544,418,777,983,131,512,136,0,471,290,46,901,131,286,857,45,843,293,601,382,144,193,359,898,453,491,821,986,932,464,752,233,789,203,768,63,451,366,337,589,675,829,375,715,108,228,658,474,337,276,908,1015,419,492,873,249,630,618,844,652,612,458,655,490,640,386,373,711,846,791,577,434,969,147,560,628,561,489,1015
g29,521,378,181,43,417,371,443,379,339,631,490,221,509,97,511,491,413,328,530,345,479,73,245,375,578,507,322,400,471,0,522,425,498,463,262,400,511,382,251,137,382,400,445,387,534,241,424,352,592,531,366,317,343,320,269,313,408,445,474,135,568,288,408,372,293,376,273,188,365,513,560,443,604,560,68,498,416,175,600,468,540,370,148,376,284,222,142,99,291,375,411,167,504,551,327,178,167,526,501,598
g30,569,178,346,532,263,152,131,610,731,858,1012,603,14,483,726,282,935,234,768,671,159,585,329,892,874,422,707,188,290,522,0,286,1017,159,479,823,277,818,270,658,200,406,472,178,765,627,727,816,869,1049,290,840,183,825,315,739,285,701,115,405,329,796,753,613,813,250,268,673,693,57,567,951,1126,132,503,752,106,623,352,977,419,798,588,511,675,739,385,453,652,857,686,678,702,875,282,675,688,313,237,1120
g31,724,322,265,457,441,216,156,345,734,957,887,396,282,342,447,66,793,338,856,426,391,498,377,736,939,148,478,111,46,425,286,0,860,127,248,811,87,798,251,555,353,124,186,332,856,415,467,775,943,891,431,709,200,743,157,722,17,431,349,291,568,633,785,350,672,67,185,612,445,327,285,862,974,409,446,831,228,584,597,804,624,578,416,616,455,596,341,327,666,800,748,533,421,925,102,517,582,538,467,973
g32,900,876,670,499,901,864,923,608,528,832,122,470,1004,537,655,923,92,824,766,504,975,446,735,125,729,879,430,872,901,498,1017,860,0,934,618,484,946,460,747,373,878,779,785,885,774,456,534,402,757,32,849,188,835,295,728,477,845,593,972,612,1042,226,601,597,205,831,755,412,500,1011,852,248,115,1058,536,735,910,476,1071,78,986,346,444,770,433,277,640,565,565,353,680,339,670,682,782,346,345,1001,989,117
g33,656,239,283,485,355,140,42,465,734,917,947,488,157,399,573,125,860,273,820,538,284,534,342,809,914,263,582,63,131,463,159,127,934,0,349,819,126,809,233,600,270,251,313,246,819,510,585,795,914,966,360,770,145,782,206,730,129,554,238,330,463,708,772,469,737,109,189,638,558,205,407,906,1047,287,465,798,128,599,491,886,534,679,491,567,555,661,347,375,659,828,722,598,548,906,155,588,629,438,363,1044
g34,724,420,215,305,515,344,355,151,602,884,657,148,470,165,289,309,558,398,782,192,520,326,373,496,839,268,233,296,286,262,479,248,618,349,0,659,331,640,276,360,442,163,189,431,784,167,253,603,851,648,481,482,313,546,167,574,236,241,492,179,669,395,670,149,441,240,229,442,214,499,298,654,733,573,315,751,383,438,702,559,685,331,186,588,207,369,273,176,552,615,664,310,273,813,198,286,382,630,577,733
g35,470,646,547,360,606,694,788,754,95,348,384,576,808,496,869,874,402,589,285,688,713,333,494,432,249,906,635,761,857,400,823,811,484,819,659,0,893,25,586,313,631,799,845,649,294,584,759,86,276,505,558,346,677,200,654,89,794,799,733,524,700,436,128,744,375,753,636,218,702,791,957,251,528,802,365,257,732,227,721,517,610,623,499,381,607,384,474,497,174,131,224,402,870,204,709,438,304,667,689,511
g36,775,361,346,542,479,256,168,410,814,1023,974,480,278,430,496,22,880,388,924,499,410,584,442,822,1012,152,556,151,45,511,277,87,946,126,331,893,0,880,320,642,392,186,229,369,923,498,533,860,1014,977,478,796,251,830,242,804,104,491,365,376,590,720,861,417,759,140,259,697,517,328,298,950,1060,409,529,900,253,667,617,889,660,657,503,677,535,684,420,414,744,886,820,621,469,999,185,604,670,564,490,1060
g37,483,641,534,344,606,686,779,732,99,372,363,554,803,479,847,861,378,584,307,665,712,314,488,407,274,890,611,750,843,382,818,798,460,809,640,25,880,0,576,291,627,782,827,645,315,562,736,61,300,482,557,320,668,174,640,79,781,776,730,509,705,411,146,723,349,741,625,198,678,787,938,231,507,801,351,278,725,213,727,492,618,598,477,388,584,359,463,481,175,108,239,379,847,229,696,414,280,671,690,490
g38,482,149,81,264,238,119,203,427,501,705,741,362,257,221,563,305,664,121,605,456,253,316,127,623,691,385,473,176,293,251,270,251,747,233,276,586,320,576,0,388,166,303,373,159,605,387,526,565,694,780,208,569,94,560,128,497,236,518,235,142,392,528,542,426,543,184,69,411,479,265,495,686,855,322,238,580,164,368,425,710,413,555,330,366,438,469,118,189,427,600,499,409,545,679,157,409,417,353,301,849
g39,568,507,319,128,528,507,581,440,282,605,353,262,644,213,556,621,284,453,512,376,603,74,362,257,532,623,327,537,601,137,658,555,373,600,360,313,642,291,388,0,507,514,549,514,518,270,449,247,552,405,476,186,481,189,403,240,538,486,603,271,671,189,363,431,170,510,411,101,390,646,654,307,473,688,163,479,553,140,701,354,625,335,186,426,296,116,274,228,268,255,399,97,556,496,460,131,29,630,616,466
g40,387,31,243,379,87,137,228,591,537,662,856,526,186,377,725,385,791,54,570,623,96,432,147,757,675,500,638,245,382,382,200,353,878,270,442,631,392,627,166,507,0,441,512,24,567,551,692,632,670,911,92,693,154,654,282,549,343,683,102,302,228,670,555,591,673,289,216,501,646,160,629,780,981,181,344,552,142,445,261,850,271,716,487,313,602,605,241,345,457,676,486,549,706,675,287,556,536,192,135,972
g41,785,412,282,439,526,311,274,224,732,988,820,309,401,305,322,166,721,413,885,314,495,470,427,659,956,108,374,221,144,400,406,124,779,251,163,799,186,782,303,514,441,0,71,422,887,324,347,751,964,809,506,645,288,702,176,711,121,308,456,280,666,557,793,231,605,160,235,587,331,443,192,814,894,524,438,857,335,573,697,718,708,474,348,663,356,532,358,301,673,768,772,472,297,936,153,449,538,632,566,895
g42,853,484,345,486,598,383,341,195,783,1048,836,319,468,348,267,212,733,484,946,296,566,512,495,669,1013,99,364,289,193,445,472,186,785,313,189,845,229,827,373,549,512,71,0,494,947,330,313,792,1022,813,577,664,359,734,245,758,187,266,527,336,737,569,846,204,622,231,305,629,309,511,123,841,899,593,490,917,406,620,768,719,780,462,372,729,353,553,419,350,727,804,831,496,240,990,225,470,571,704,638,901
g43,411,11,238,386,110,115,204,580,555,686,865,521,164,376,712,362,798,62,593,615,94,440,160,763,697,479,633,223,359,387,178,332,885,246,431,649,369,645,159,514,24,422,494,0,591,546,683,647,693,917,117,700,135,667,268,566,322,672,89,299,243,673,575,580,679,269,203,513,638,142,610,792,988,173,352,576,118,458,275,855,293,713,486,336,597,610,245,343,476,691,508,553,692,697,270,558,543,209,146,980
g44,244,593,605,490,506,678,779,913,251,101,678,751,752,623,1045,909,688,547,8,875,619,495,480,707,126,982,838,773,898,534,765,856,774,819,784,294,923,315,605,518,567,887,947,591,0,767,952,372,109,796,475,617,675,480,714,303,841,979,655,612,535,687,173,905,636,789,671,420,893,718,1070,545,822,699,471,40,702,381,545,799,423,854,673,254,804,621,528,608,251,423,122,616,1038,153,758,649,523,515,565,806
g45,760,536,308,281,610,481,511,176,548,861,507,25,616,182,285,476,403,500,763,107,640,272,446,338,797,422,88,453,453,241,627,415,456,510,167,584,498,562,387,270,551,324,330,546,767,0,185,514,814,485,566,340,449,433,312,509,402,215,620,250,767,240,626,165,296,401,361,369,125,639,411,525,571,705,309,730,525,390,800,393,760,171,94,616,51,233,331,213,518,512,645,187,285,764,355,154,282,725,684,572
g46,938,672,456,465,762,597,598,122,730,1046,616,202,719,353,122,513,510,647,948,78,773,457,608,441,980,411,126,540,491,424,727,467,534,585,253,759,533,736,526,449,692,347,313,683,952,185,0,684,998,558,723,474,566,592,420,689,459,59,745,406,918,363,809,116,430,479,482,549,59,751,336,665,642,826,492,915,635,574,951,459,924,188,279,795,152,386,496,380,703,675,830,357,136,945,444,321,455,878,828,649
g47,524,643,515,318,619,679,768,687,135,432,309,508,801,446,797,840,318,585,364,616,720,281,488,346,335,859,559,735,821,352,816,775,402,795,603,86,860,61,565,247,632,751,792,647,372,514,684,0,361,424,568,260,659,113,618,93,758,726,735,484,728,352,200,677,289,721,608,164,628,789,900,182,454,809,331,333,719,196,752,432,647,541,433,417,533,303,448,452,198,55,286,328,799,290,675,363,232,692,705,438
g48,352,694,685,548,612,775,876,970,269,80,652,801,855,686,1098,999,678,646,103,922,726,543,573,708,31,1064,878,866,986,592,869,943,757,914,851,276,1014,300,694,552,670,964,1022,693,109,814,998,361,0,777,579,620,769,475,796,316,927,1029,760,685,645,703,189,962,646,878,758,451,938,823,1143,516,792,806,535,117,801,424,654,793,532,882,722,358,846,643,608,675,300,405,194,648,1093,78,843,683,551,624,674,774
g49,927,909,703,531,933,897,956,634,553,852,130,500,1036,570,677,954,123,856,788,530,1007,478,767,158,748,908,457,904,932,531,1049,891,32,966,648,505,977,482,780,405,911,809,813,917,796,485,558,424,777,0,880,220,867,321,760,502,876,617,1005,645,1073,258,624,624,237,863,787,442,526,1043,878,263,85,1090,568,758,943,506,1102,99,1017,370,476,799,461,310,673,597,592,374,705,371,694,700,813,378,377,1032,1021,91
g50,296,121,267,353,53,222,318,632,463,570,814,542,276,385,770,469,758,94,478,650,155,403,122,732,585,576,655,328,464,366,290,431,849,360,481,558,478,557,208,476,92,506,577,117,475,566,723,568,579,880,0,660,231,604,336,481,419,721,182,319,202,652,473,630,646,365,272,453,673,245,698,727,945,244,315,462,234,392,235,828,205,723,491,221,617,583,237,353,383,616,398,533,752,587,354,545,503,160,141,936
g51,719,693,495,314,713,688,755,512,366,688,178,346,826,371,595,774,98,639,610,420,789,260,548,90,594,751,350,707,752,317,840,709,188,770,482,346,796,320,569,186,693,645,664,700,617,340,474,260,620,220,660,0,660,146,565,314,693,526,789,441,853,111,445,502,44,672,584,226,425,830,751,190,287,874,349,578,733,290,882,186,799,303,296,586,337,113,458,395,390,227,513,175,604,550,622,195,157,812,801,280
g52,525,124,164,358,241,32,111,456,591,774,834,425,170,300,585,240,754,138,676,504,211,410,196,710,769,347,532,99,233,343,183,200,835,145,313,677,251,668,94,481,154,288,359,135,675,449,566,659,769,867,231,660,0,655,145,589,189,549,179,222,378,613,627,457,632,135,87,506,526,189,475,780,944,260,333,653,76,463,409,794,425,620,406,426,499,557,213,270,515,694,576,495,563,761,136,492,510,344,278,939
g53,609,661,498,297,657,679,759,609,232,545,219,431,810,402,710,809,208,604,472,529,748,248,507,232,449,811,466,719,789,320,825,743,295,782,546,200,830,174,560,189,654,702,734,667,480,433,592,113,475,321,604,146,655,0,589,181,727,639,756,456,782,244,307,599,179,696,592,153,538,805,835,126,362,836,322,441,722,212,808,319,712,437,364,488,444,206,442,416,273,84,384,246,714,404,647,278,164,743,745,348
g54,608,258,111,300,362,177,200,312,579,816,743,288,305,194,443,222,654,246,714,359,354,343,250,602,791,268,391,145,203,269,315,157,728,206,167,654,242,640,128,403,282,176,245,268,714,312,420,618,796,760,336,565,145,589,0,565,140,404,324,134,511,502,632,312,532,107,66,455,381,332,368,710,841,405,289,686,216,427,543,679,541,483,285,486,360,456,189,174,512,644,602,392,423,773,57,381,431,474,415,838
g55,434,563,457,272,531,607,700,675,52,377,394,499,724,410,795,785,388,505,295,616,635,249,409,404,294,818,567,672,768,313,739,722,477,730,574,89,804,79,497,240,549,711,758,566,303,509,689,93,316,502,481,314,589,181,565,0,705,725,652,435,636,388,132,666,334,664,547,140,630,709,872,273,539,724,276,263,646,139,659,497,554,565,421,324,536,327,385,410,105,148,202,335,794,256,620,370,236,601,616,524
g56,710,312,248,440,430,206,154,338,718,941,871,382,281,326,443,82,777,325,840,416,384,481,363,721,923,157,467,104,63,408,285,17,845,129,236,794,104,781,236,538,343,121,187,322,841,402,459,758,927,876,419,693,189,727,140,705,0,426,343,274,560,619,768,343,656,54,169,595,436,324,291,846,959,406,429,815,222,567,590,790,614,566,401,601,443,581,325,310,649,783,732,518,418,908,85,502,566,529,459,958
g57,950,661,454,488,756,579,571,92,764,1074,672,228,694,365,71,472,566,640,975,110,758,486,610,497,1012,362,175,513,451,445,701,431,593,554,241,799,491,776,518,486,683,308,266,672,979,215,59,726,1029,617,721,526,549,639,404,725,426,0,728,409,910,415,841,92,481,451,469,585,101,729,278,716,701,806,511,942,614,604,943,518,924,247,307,809,194,432,502,389,731,720,856,398,78,980,421,363,495,871,818,708
g58,454,96,316,475,149,149,198,635,639,746,955,595,104,456,763,363,886,152,658,681,46,529,249,850,767,495,705,238,366,474,115,349,972,238,492,733,365,730,235,603,102,456,527,89,655,620,745,735,760,1005,182,789,179,756,324,652,343,728,0,378,225,759,654,637,767,295,263,602,704,63,634,881,1077,86,441,643,121,547,252,941,306,789,566,402,671,696,332,424,559,779,581,638,741,769,311,642,632,202,127,1069
g59,545,289,61,166,360,253,313,325,453,713,618,225,393,78,464,356,534,250,610,331,393,208,202,487,676,384,338,266,337,135,405,291,612,330,179,524,376,509,142,271,302,280,336,299,612,250,406,484,685,645,319,441,222,456,134,435,274,409,378,0,517,390,512,321,411,240,143,321,354,406,458,578,723,464,159,581,299,296,550,572,517,414,188,408,301,336,93,48,392,509,494,273,451,655,192,270,299,476,434,718
g60,297,254,462,552,156,354,422,819,607,610,998,742,322,587,954,588,950,271,541,846,179,601,325,929,660,716,855,457,589,568,329,568,1042,463,669,700,590,705,392,671,228,666,737,243,535,767,918,728,645,1073,202,853,378,782,511,636,560,910,225,517,0,852,593,819,842,509,445,636,869,272,851,900,1134,208,514,537,340,572,33,1026,116,926,694,320,818,782,439,555,532,781,500,734,934,676,513,747,697,42,100,1123
g61,757,665,449,300,703,643,698,407,438,766,267,250,783,313,484,698,164,615,680,311,766,253,532,102,679,660,240,646,675,288,796,633,226,708,395,436,720,411,528,189,670,557,569,673,687,240,363,352,703,258,652,111,613,244,502,388,619,415,759,390,852,0,520,396,68,605,531,270,314,793,649,302,340,846,338,647,689,325,883,181,812,193,218,616,229,72,429,342,444,328,574,120,493,638,555,120,172,810,789,339
g62,345,574,520,364,516,639,738,783,81,245,508,613,739,504,910,844,515,520,165,733,628,355,433,535,171,896,689,719,829,408,753,785,601,772,670,128,861,146,542,363,555,793,846,575,173,626,809,200,189,624,473,445,627,307,632,132,768,841,654,512,593,520,0,775,466,722,601,262,749,715,965,377,653,715,356,134,672,236,610,626,495,694,533,272,657,457,443,496,119,253,98,460,906,143,683,494,363,562,593,637
g63,865,569,363,415,665,488,483,11,701,1003,662,169,605,285,143,397,557,548,902,94,667,420,521,489,947,303,167,425,375,372,613,350,597,469,149,744,417,723,426,431,591,231,204,580,905,165,116,677,962,624,630,502,457,599,312,666,343,92,637,321,819,396,775,0,457,364,377,527,105,639,255,689,709,715,435,870,524,538,851,526,834,261,245,726,167,398,415,306,662,677,783,353,133,917,331,320,445,780,726,714
g64,724,671,467,295,699,661,724,468,386,711,215,303,800,338,551,737,122,619,629,375,770,243,531,86,621,709,306,674,715,293,813,672,205,737,441,375,759,349,543,170,673,605,622,679,636,296,430,289,646,237,646,44,632,179,532,334,656,481,767,411,842,68,466,457,0,637,554,230,380,806,707,235,312,853,332,596,707,291,872,184,794,262,257,587,292,76,435,363,401,262,527,139,559,578,587,155,145,801,786,307
g65,656,259,206,404,377,154,119,360,674,890,850,379,243,301,476,122,760,271,789,429,335,449,310,706,874,211,473,61,108,376,250,67,831,109,240,753,140,741,184,510,289,160,231,269,789,401,479,721,878,863,365,672,135,696,107,664,54,451,295,240,509,605,722,364,637,0,120,559,450,283,341,817,945,364,390,764,175,528,539,780,560,570,387,548,445,561,280,281,604,749,683,498,452,861,50,485,538,477,409,943
g66,551,192,93,295,296,119,170,377,555,772,760,337,256,218,509,242,677,180,671,418,290,344,196,629,754,316,444,127,228,273,268,185,755,189,229,636,259,625,69,411,216,235,305,203,671,361,482,608,758,787,272,584,87,592,66,547,169,469,263,143,445,531,601,377,554,120,0,449,441,277,427,716,866,346,276,645,163,413,477,712,476,533,320,434,411,479,162,190,484,639,563,416,489,741,88,410,440,408,349,862
g67,494,507,355,155,506,529,613,536,181,505,362,359,658,282,655,677,319,450,414,475,595,117,353,313,431,695,428,576,658,188,673,612,412,638,442,218,697,198,411,101,501,587,629,513,420,369,549,164,451,442,453,226,506,153,455,140,595,585,602,321,636,270,262,527,230,559,449,0,490,652,739,279,498,683,173,381,572,64,664,411,575,433,281,359,397,201,293,287,173,190,304,198,654,395,512,232,102,596,594,487
g68,881,627,407,406,713,558,567,115,671,986,574,143,684,297,171,496,468,599,888,23,729,397,556,399,920,409,74,508,474,365,693,445,500,558,214,702,517,678,479,390,646,331,309,638,893,125,59,628,938,526,673,425,526,538,381,630,436,101,704,354,869,314,749,105,380,450,441,490,0,714,354,615,611,786,433,855,598,514,902,427,871,158,220,738,94,332,442,325,643,620,770,299,178,886,411,264,397,829,781,616
g69,516,146,345,518,213,157,171,637,697,809,999,614,51,484,758,330,927,203,721,691,104,572,301,887,830,468,721,222,337,513,57,327,1011,205,499,791,328,787,265,646,160,443,511,142,718,639,751,789,823,1043,245,830,189,805,332,709,324,729,63,406,272,793,715,639,806,283,277,652,714,0,611,931,1117,82,486,706,115,599,295,975,363,810,592,465,688,733,372,453,617,832,643,674,735,832,307,674,675,256,180,1111
g70,977,600,469,602,716,496,440,244,899,1171,916,406,565,462,247,288,811,604,1068,348,676,624,618,743,1133,146,421,395,276,560,567,285,852,407,298,957,298,938,495,654,629,192,123,610,1070,411,336,900,1143,878,698,751,475,835,368,872,291,278,634,458,851,649,965,255,707,341,427,739,354,611,0,934,964,694,609,1039,513,736,881,781,899,513,470,853,421,643,543,468,846,908,952,591,220,1109,344,561,673,819,750,969
g71,707,786,622,422,779,804,884,700,318,593,136,527,936,520,786,929,188,729,537,610,873,371,632,244,486,922,541,843,908,443,951,862,248,906,654,251,950,231,686,307,780,814,841,792,545,525,665,182,516,263,727,190,780,126,710,273,846,716,881,578,900,302,377,689,235,817,716,279,615,931,934,0,277,961,448,508,848,335,925,301,824,492,468,596,526,291,568,536,376,126,468,344,794,438,768,373,280,862,867,260
g72,971,980,779,601,998,973,1035,720,588,869,145,585,1112,649,761,1038,190,927,814,616,1077,548,835,238,762,993,542,985,1015,604,1126,974,115,1047,733,528,1060,507,855,473,981,894,899,988,822,571,642,454,792,85,945,287,944,362,841,539,959,701,1077,723,1134,340,653,709,312,945,866,498,611,1117,964,277,0,1161,636,785,1019,562,1162,183,1071,454,559,849,547,387,745,675,636,400,740,450,778,714,895,459,444,1093,1086,19
g73,480,181,403,560,199,228,253,714,707,785,1038,680,130,543,838,412,971,234,703,764,89,613,329,936,816,551,790,303,419,560,132,409,1058,287,573,802,409,801,322,688,181,524,593,173,699,705,826,809,806,1090,244,874,260,836,405,724,406,806,86,464,208,846,715,715,853,364,346,683,786,82,694,961,1161,0,525,691,192,625,227,1027,312,875,652,452,756,782,417,511,627,856,636,725,815,823,385,729,717,202,135,1154
g74,453,345,184,38,367,356,439,441,294,569,513,289,489,152,576,510,447,290,468,413,440,89,199,417,523,543,391,404,492,68,503,446,536,465,315,365,529,351,238,163,344,438,490,352,471,309,492,331,535,568,315,349,333,322,289,276,429,511,441,159,514,338,356,435,332,390,276,173,433,486,609,448,636,525,0,437,400,138,544,513,478,436,216,308,353,268,120,140,236,363,350,221,568,499,344,238,191,472,454,628
g75,254,577,576,454,496,659,760,877,211,132,641,714,738,589,1009,885,649,529,33,837,610,458,458,668,124,954,800,751,873,498,752,831,735,798,751,257,900,278,580,479,552,857,917,576,40,730,915,333,117,758,462,578,653,441,686,263,815,942,643,581,537,647,134,870,596,764,645,381,855,706,1039,508,785,691,437,0,684,342,549,759,427,814,636,241,766,581,499,575,212,386,87,577,1003,139,732,610,484,514,560,769
g76,529,112,240,428,227,46,86,522,642,799,906,500,94,377,646,249,829,155,704,575,162,481,239,785,804,376,606,117,249,416,106,228,910,128,383,732,253,725,164,553,142,335,406,118,702,525,635,719,801,943,234,733,76,722,216,646,222,614,121,299,340,689,672,524,707,175,163,572,598,115,513,848,1019,192,400,684,0,524,369,871,406,696,483,448,574,632,280,347,564,758,612,571,623,800,193,569,582,312,239,1013
g77,433,453,322,134,445,483,572,547,164,472,425,376,608,273,673,648,383,395,375,497,537,118,298,375,408,679,457,539,630,175,623,584,476,599,438,227,667,213,368,140,445,573,620,458,381,390,574,196,424,506,392,290,463,212,427,139,567,604,547,296,572,325,236,538,291,528,413,64,514,599,736,335,562,625,138,342,524,0,600,474,510,475,297,296,424,253,252,271,129,233,260,237,669,378,483,268,153,533,533,551
g78,303,286,495,583,189,385,450,852,628,616,1025,775,346,620,987,616,979,304,551,879,207,631,357,958,670,745,888,486,618,600,352,597,1071,491,702,721,617,727,425,701,261,697,768,275,545,800,951,752,654,1102,235,882,409,808,543,659,590,943,252,550,33,883,610,851,872,539,477,664,902,295,881,925,1162,227,544,549,369,600,0,1056,121,958,726,340,851,812,472,587,554,805,517,765,967,688,545,779,727,74,130,1151
g79,905,846,631,475,880,825,878,537,549,864,190,410,965,494,578,867,116,796,791,433,947,425,711,99,765,814,359,824,844,468,977,804,78,886,559,517,889,492,710,354,850,718,719,855,799,393,459,432,793,99,828,186,794,319,679,497,790,518,941,572,1026,181,626,526,184,780,712,411,427,975,781,301,183,1027,513,759,871,474,1056,0,979,271,394,771,365,246,610,523,576,388,698,302,595,719,731,301,330,984,967,190
g80,181,302,470,516,183,409,492,836,519,495,931,736,410,578,974,654,894,295,429,849,260,559,315,880,548,772,848,516,652,540,419,624,986,534,685,610,660,618,413,625,271,708,780,293,423,760,924,647,532,1017,205,799,425,712,541,554,614,924,306,517,116,812,495,834,794,560,476,575,871,363,899,824,1071,312,478,427,406,510,121,979,0,908,678,229,810,740,429,547,449,701,399,698,957,567,555,717,648,110,182,1059
g81,886,703,474,401,770,652,681,272,613,939,430,195,788,339,309,635,326,664,848,167,807,372,601,257,860,561,100,623,612,370,798,578,346,679,331,623,657,598,555,335,716,474,462,713,854,171,188,541,882,370,723,303,620,437,483,565,566,247,789,414,926,193,694,261,262,570,533,433,158,810,513,492,454,875,436,814,696,475,958,271,908,0,232,741,124,239,486,372,603,521,735,238,324,820,525,207,331,884,848,461
g82,669,476,249,187,538,437,484,254,457,767,473,79,576,110,376,480,377,434,669,201,580,178,369,320,705,455,174,430,458,148,588,416,444,491,186,499,503,477,330,186,487,348,372,486,673,94,279,433,722,476,491,296,406,364,285,421,401,307,566,188,694,218,533,245,257,387,320,281,220,592,470,468,559,652,216,636,483,297,726,394,678,232,0,524,136,183,254,142,424,438,551,124,373,673,337,101,203,652,617,557
g83,145,339,384,341,255,427,527,731,289,350,707,595,498,444,869,664,678,294,257,717,369,372,239,672,365,751,698,526,655,376,511,616,770,567,588,381,677,388,366,426,313,663,729,336,254,616,795,417,358,799,221,586,426,488,486,324,601,809,402,408,320,616,272,726,587,548,434,359,738,465,853,596,849,452,308,241,448,296,340,771,229,741,524,0,661,543,315,420,219,472,184,513,858,370,523,537,445,289,324,836
g84,805,587,359,323,661,531,557,178,578,896,495,76,665,232,265,513,390,551,799,84,691,308,496,322,828,449,38,499,490,284,675,455,433,555,207,607,535,584,438,296,602,356,353,597,804,51,152,533,846,461,617,337,499,444,360,536,443,194,671,301,818,229,657,167,292,445,411,397,94,688,421,526,547,756,353,766,574,424,851,365,810,124,136,661,0,238,381,263,553,526,682,204,270,793,401,169,303,776,735,550
g85,684,601,392,230,635,586,648,408,375,703,290,236,726,262,503,662,198,550,615,323,701,181,465,153,621,638,259,598,640,222,739,596,277,661,369,384,684,359,469,116,605,532,553,610,621,233,386,303,643,310,583,113,557,206,456,327,581,432,696,336,782,72,457,398,76,561,479,201,332,733,643,291,387,782,268,581,632,253,812,246,740,239,183,543,238,0,365,288,375,289,506,63,509,581,511,83,100,740,721,383
g86,451,236,77,147,284,236,320,419,393,629,627,307,371,149,558,402,555,186,527,420,337,201,115,518,601,456,419,287,386,142,385,341,640,347,273,474,420,463,118,274,241,358,419,245,528,331,496,448,608,673,237,458,213,442,189,385,325,502,332,93,439,429,443,415,435,280,162,293,442,372,543,568,745,417,120,499,280,252,472,610,429,486,254,315,381,365,0,118,324,482,414,308,545,584,239,315,303,398,365,739
g87,560,333,108,137,398,301,360,311,432,708,572,189,441,32,449,393,486,292,606,303,437,172,233,439,664,408,301,312,373,99,453,327,565,375,176,497,414,481,189,228,345,301,350,343,608,213,380,452,675,597,353,395,270,416,174,410,310,389,424,48,555,342,496,306,363,281,190,287,325,453,468,536,675,511,140,575,347,271,587,523,547,372,142,420,263,288,118,0,377,474,488,225,438,640,232,222,256,513,475,671
g88,335,473,401,248,432,529,626,670,80,343,492,503,637,386,799,726,474,417,246,626,538,246,325,479,287,776,587,604,711,291,652,666,565,659,552,174,744,175,427,268,457,673,727,476,251,518,703,198,300,592,383,390,515,273,512,105,649,731,559,392,532,444,119,662,401,604,484,173,643,617,846,376,636,627,236,212,564,129,554,576,449,603,424,219,553,375,324,377,0,252,131,365,794,263,564,397,275,496,515,622
g89,580,686,546,344,668,716,802,687,191,479,255,509,842,464,791,865,273,628,415,610,766,302,531,309,377,877,549,766,846,375,857,800,353,828,615,131,886,108,600,255,676,768,804,691,423,512,675,55,405,374,616,227,694,84,644,148,783,720,779,509,781,328,253,677,262,749,639,190,620,832,908,126,400,856,363,386,758,233,805,388,701,521,438,472,526,289,482,474,252,0,341,324,795,331,701,358,235,744,755,383
g90,246,508,491,368,437,584,684,791,152,219,595,629,672,502,923,804,591,457,118,752,551,373,380,603,192,870,716,672,791,411,686,748,680,722,664,224,820,239,499,399,486,772,831,508,122,645,830,286,194,705,398,513,576,384,602,202,732,856,581,494,500,574,98,783,527,683,563,304,770,643,952,468,740,636,350,87,612,260,517,698,399,735,551,184,682,506,414,488,131,341,0,497,916,189,649,529,407,472,509,724
g91,656,544,331,182,584,525,585,363,379,703,353,186,665,199,469,599,262,494,610,287,645,141,412,214,628,579,232,535,577,167,678,533,339,598,310,402,621,379,409,97,549,472,496,553,616,187,357,328,648,371,533,175,495,246,392,335,518,398,638,273,734,120,460,353,139,498,416,198,299,674,591,344,450,725,221,577,571,237,765,302,698,238,124,513,204,63,308,225,365,324,497,0,471,591,448,35,99,692,669,446
g92,996,681,489,548,784,592,570,127,831,1135,751,294,696,418,27,452,645,666,1035,185,774,550,647,576,1078,328,253,514,434,504,702,421,670,548,273,870,469,847,545,556,706,297,240,692,1038,285,136,799,1093,694,752,604,563,714,423,794,418,78,741,451,934,493,906,133,559,452,489,654,178,735,220,794,778,815,568,1003,623,669,967,595,957,324,373,858,270,509,545,438,794,795,916,471,0,1047,430,437,567,897,839,785
g93,394,697,662,508,625,770,870,925,215,158,575,752,861,647,1049,983,604,645,145,871,739,496,564,636,48,1038,823,855,969,551,875,925,682,906,813,204,999,229,679,496,675,936,990,697,153,764,945,290,78,700,587,550,761,404,773,256,908,980,769,655,676,638,143,917,578,861,741,395,886,832,1109,438,714,823,499,139,800,378,688,719,567,820,673,370,793,581,584,640,263,331,189,591,1047,0,823,626,493,651,694,696
g94,638,259,163,357,372,162,157,329,632,859,800,333,274,251,452,165,710,260,758,390,346,400,284,656,839,228,429,98,147,327,282,102,782,155,198,709,185,696,157,460,287,153,225,270,758,355,444,675,843,813,354,622,136,647,57,620,85,421,311,192,513,555,683,331,587,50,88,512,411,307,344,768,895,385,344,732,193,483,545,731,555,525,337,523,401,511,239,232,564,701,649,448,430,823,0,436,488,479,415,893
g95,682,548,329,201,595,523,578,330,413,737,371,154,663,192,434,582,275,501,643,252,651,165,423,220,663,555,197,526,560,178,675,517,346,588,286,438,604,414,409,131,556,449,470,558,649,154,321,363,683,378,545,195,492,278,381,370,502,363,642,270,747,120,494,320,155,485,410,232,264,674,561,373,459,729,238,610,569,268,779,301,717,207,101,537,169,83,315,222,397,358,529,35,437,626,436,0,134,705,679,457
g96,585,536,348,157,556,537,610,455,282,608,324,276,674,240,566,648,255,482,517,385,632,103,390,231,530,646,331,566,628,167,688,582,345,629,382,304,670,280,417,29,536,538,571,543,523,282,455,232,551,377,503,157,510,164,431,236,566,495,632,299,697,172,363,445,145,538,440,102,397,675,673,280,444,717,191,484,582,153,727,330,648,331,203,445,303,100,303,256,275,235,407,99,567,493,488,134,0,656,644,437
g97,283,219,422,510,116,323,396,781,572,594,958,701,304,545,916,561,909,231,520,806,156,559,283,887,638,686,814,427,561,526,313,538,1001,438,630,667,564,671,353,630,192,632,704,209,515,725,878,692,624,1032,160,812,344,743,474,601,529,871,202,476,42,810,562,780,801,477,408,596,829,256,819,862,1093,202,472,514,312,533,74,984,110,884,652,289,776,740,398,513,496,744,472,692,897,651,479,705,656,0,75,1083
