Fahrtkosten,g0,g1,g2,g3,g4,g5,g6,g7,g8,g9,g10,g11,g12,g13,g14,g15,g16,g17,g18,g19,g20,g21,g22,g23,g24,g25,g26,g27,g28,g29,g30,g31,g32,g33,g34,g35,g36,g37,g38,g39,g40,g41,g42,g43,g44,g45,g46,g47,g48,g49,g50,g51,g52,g53,g54,g55,g56,g57,g58,g59,g60,g61,g62,g63,g64,g65,g66,g67,g68,g69,g70,g71,g72,g73,g74,g75,g76,g77,g78,g79,g80,g81,g82,g83,g84,g85,g86,g87,g88,g89,g90,g91,g92,g93,g94,g95,g96,g97,g98,g99
g0,0,757,594,267,157,412,482,434,635,455,395,452,466,104,297,186,355,455,215,551,410,453,351,577,474,479,510,202,848,422,464,284,329,599,204,416,230,231,678,608,210,643,71,442,694,465,458,464,668,559,540,316,58,354,886,300,387,489,161,222,432,446,325,226,103,626,126,696,387,110,136,336,187,788,390,575,216,346,248,194,524,565,443,513,441,182,200,580,733,195,299,212,275,467,310,190,167,173,168,297
g1,757,0,252,502,625,702,847,998,128,307,980,808,311,847,733,880,710,905,546,459,966,312,1003,1246,283,827,598,564,705,1048,426,1001,604,173,553,909,697,685,106,202,961,291,770,942,305,1113,504,374,475,1213,1077,478,798,413,845,767,1019,606,914,710,327,931,480,813,841,151,871,115,385,708,870,849,570,137,524,208,801,499,733,923,505,1232,1048,1082,857,713,800,629,618,594,873,762,897,577,706,920,703,756,925,1037
g2,594,252,0,326,442,455,597,761,148,170,747,783,277,695,501,750,469,861,412,208,730,165,783,1020,201,577,345,435,499,819,436,800,370,232,397,852,609,598,146,292,778,77,587,700,128,886,515,374,249,985,834,397,622,245,625,535,793,353,736,493,241,688,408,712,659,242,718,141,211,519,684,615,415,368,284,80,699,447,510,730,252,1005,815,843,611,505,588,379,394,478,784,546,795,325,646,777,593,645,759,844
g3,267,502,326,0,123,326,459,535,376,195,509,540,249,368,283,427,295,593,113,322,504,190,513,758,227,446,341,135,657,568,331,500,195,359,75,571,322,313,415,385,461,379,269,501,432,628,373,296,437,729,631,185,300,89,730,312,536,328,416,231,195,495,203,405,340,386,391,431,120,206,369,390,92,554,190,309,392,251,262,421,312,745,574,624,444,221,308,413,536,183,483,275,484,293,383,451,288,336,434,535
g4,157,625,442,123,0,302,410,439,499,318,408,524,359,261,216,335,254,555,136,396,409,313,400,644,348,401,371,142,706,460,407,378,192,479,91,524,290,285,538,499,338,487,147,418,538,517,429,387,513,617,541,249,179,211,758,237,426,352,295,145,312,416,264,341,218,506,283,553,242,83,246,304,85,673,238,431,329,303,179,298,372,631,470,527,382,119,197,443,588,174,420,174,409,325,365,347,237,273,317,412
g5,412,702,455,326,302,0,146,320,581,441,317,827,548,503,123,595,59,854,418,278,291,431,381,592,495,128,152,432,462,394,656,448,131,615,365,820,592,587,597,660,483,451,353,250,480,460,699,615,361,552,381,511,392,365,477,141,376,130,464,190,486,236,529,631,398,638,518,597,370,302,402,191,371,798,183,496,620,576,170,419,228,576,381,394,156,230,255,197,362,472,708,217,687,139,668,583,537,568,513,509
g6,482,847,597,459,410,146,0,225,726,587,240,924,691,556,194,651,164,937,538,408,205,577,327,494,641,20,267,549,503,313,791,425,270,761,486,898,690,687,741,806,491,586,414,144,609,373,828,754,469,452,255,641,446,507,472,182,307,251,487,271,629,127,658,709,437,785,565,739,514,383,430,164,488,944,329,642,698,702,239,427,357,479,290,279,53,308,290,280,429,584,781,270,751,273,769,627,630,652,542,490
g7,434,998,761,535,439,320,225,0,871,707,41,883,785,468,264,558,293,870,575,598,32,699,130,273,753,242,469,577,728,89,847,251,393,883,530,824,664,665,895,917,346,767,365,81,799,148,864,825,678,232,106,689,380,609,688,230,95,448,364,304,729,98,703,644,348,909,468,900,627,374,326,149,524,1076,477,789,637,740,274,294,548,258,65,88,179,321,247,497,652,596,703,265,662,459,744,515,601,603,419,311
g8,635,128,148,376,499,581,726,871,0,181,852,732,213,728,607,767,585,821,428,355,839,185,875,1118,166,707,486,448,639,920,356,874,478,104,431,821,595,583,51,162,836,210,645,817,243,985,438,296,394,1085,952,373,674,287,770,640,891,492,790,582,213,807,379,708,716,104,752,81,258,582,745,722,448,222,400,84,696,405,606,797,396,1104,920,956,734,585,672,525,540,482,772,634,793,461,614,803,594,647,803,911
g9,455,307,170,195,318,441,587,707,181,0,685,614,129,550,443,596,432,691,254,289,675,11,701,945,57,569,384,276,626,750,283,694,322,177,251,682,441,430,223,218,655,243,464,660,297,813,356,223,376,914,794,226,493,106,733,476,719,382,609,410,76,651,238,547,535,202,574,242,80,401,563,558,268,369,260,123,535,278,436,616,310,931,752,794,586,409,496,441,510,315,618,459,632,346,476,628,430,483,624,730
g10,395,980,747,509,408,317,240,41,852,685,0,843,758,427,246,516,283,829,542,593,36,677,95,275,729,255,468,543,742,76,815,212,377,860,499,783,625,626,879,892,305,757,326,101,792,143,830,795,678,238,145,656,340,585,710,212,67,447,323,277,703,117,671,603,307,887,426,884,605,339,285,132,492,1054,464,771,596,706,249,252,543,260,68,120,190,290,212,503,661,561,662,234,621,454,705,474,562,563,378,274
g11,452,808,783,540,524,827,924,883,732,614,843,0,520,423,731,352,777,107,427,856,861,620,785,976,586,918,878,407,1196,859,382,687,711,640,475,139,234,239,783,606,581,857,524,894,911,889,305,437,966,970,988,390,503,572,1269,742,825,863,542,654,542,898,376,244,535,658,431,812,600,541,561,788,464,759,730,721,249,336,685,607,851,968,883,958,888,616,652,951,1075,361,212,658,266,830,159,411,293,280,499,666
g12,466,311,277,249,359,548,691,785,213,129,758,520,0,546,528,571,530,608,250,418,753,139,759,1003,77,675,507,265,754,816,159,733,421,139,273,607,386,374,265,142,676,354,493,747,405,875,238,97,503,976,879,167,514,183,862,559,783,503,627,480,62,740,169,502,559,164,570,293,179,441,591,639,286,321,373,205,490,192,510,647,438,990,823,873,683,469,554,568,638,288,563,524,586,467,400,614,393,445,630,759
g13,104,847,695,368,261,503,556,468,728,550,427,423,546,0,383,95,444,402,300,656,450,549,362,560,564,556,611,282,949,436,519,266,431,683,300,356,236,242,773,686,165,746,150,493,797,467,497,530,772,550,571,386,111,452,980,379,403,589,120,313,519,500,391,179,123,709,24,792,486,209,142,399,282,867,494,672,174,401,334,184,628,551,462,538,510,274,266,679,835,260,235,291,197,568,305,85,183,157,91,256
g14,297,733,501,283,216,123,194,264,607,443,246,731,528,383,0,476,65,748,349,361,232,435,286,518,491,187,260,357,584,317,610,334,131,620,298,711,496,493,632,656,360,515,234,218,553,384,641,579,460,483,351,455,271,348,599,34,292,237,340,77,470,212,472,521,274,646,396,638,364,192,278,115,298,812,219,525,511,515,49,297,315,503,314,350,166,116,131,317,481,391,596,94,571,231,575,461,437,461,389,392
g15,186,880,750,427,335,595,651,558,767,596,516,352,571,95,476,0,537,316,341,732,541,596,446,625,601,651,697,320,1034,519,517,339,515,711,354,268,211,221,815,706,232,807,242,586,860,543,481,539,849,619,659,405,205,505,1071,474,487,676,197,405,554,593,406,114,217,736,90,836,539,296,233,494,336,886,573,719,115,404,427,266,707,617,547,624,605,365,361,766,919,285,148,385,104,653,262,61,180,132,149,314
g16,355,710,469,295,254,59,164,293,585,432,283,777,530,444,65,537,0,800,377,310,262,423,337,559,484,151,199,389,519,358,626,395,110,609,325,765,542,538,606,650,425,474,294,232,508,425,665,590,403,521,367,477,333,346,536,87,337,176,406,132,469,221,494,576,338,634,459,608,357,246,343,151,328,797,186,501,565,539,111,361,262,544,350,374,153,172,197,252,417,427,652,158,630,175,619,524,485,513,454,454
g17,455,905,861,593,555,854,937,870,821,691,829,107,608,402,748,316,800,0,480,914,851,696,762,934,669,934,922,458,1249,835,479,654,747,734,522,50,271,279,873,704,547,933,525,891,987,859,406,531,1028,932,973,464,498,638,1312,755,803,904,513,671,623,897,453,229,523,754,404,901,667,556,544,791,508,862,777,804,239,418,700,582,904,927,863,939,897,632,654,995,1128,409,167,667,215,874,216,369,318,286,464,625
g18,215,546,412,113,136,418,538,575,428,254,542,427,250,300,349,341,377,480,0,434,545,255,527,768,263,527,451,23,770,590,272,487,292,384,52,459,210,201,474,392,425,474,247,555,528,645,293,258,548,744,677,114,264,168,842,371,556,436,376,280,218,552,128,301,310,410,324,495,202,205,343,441,51,572,302,377,288,167,314,400,425,755,603,662,515,255,330,524,649,71,376,310,383,403,270,375,182,233,381,510
g19,551,459,208,322,396,278,408,598,355,289,593,856,418,656,361,732,310,914,434,0,569,278,646,868,343,387,143,457,344,669,568,690,243,424,396,893,644,635,354,480,696,179,520,528,202,736,636,511,117,830,657,473,560,285,444,392,648,156,663,382,362,514,489,725,585,440,677,345,263,451,603,462,412,577,163,276,712,536,387,638,51,853,658,673,432,409,476,170,224,505,803,432,800,139,702,742,609,655,699,744
g20,410,966,730,504,409,291,205,32,839,675,36,861,753,450,232,541,262,851,545,569,0,667,131,301,721,221,441,547,708,108,817,247,362,851,500,806,639,640,864,885,336,736,340,65,769,172,835,794,650,261,132,659,357,577,674,198,103,420,350,273,697,81,674,624,328,877,450,868,595,346,308,117,495,1044,446,757,616,711,242,280,519,285,90,119,156,290,219,472,629,568,685,234,645,430,720,501,576,581,405,309
g21,453,312,165,190,313,431,577,699,185,11,677,620,139,549,435,596,423,696,255,278,667,0,694,938,68,559,373,277,616,742,292,689,313,186,249,686,445,433,225,229,651,237,460,651,291,806,365,233,367,907,786,232,490,101,723,468,712,371,606,403,86,642,244,550,531,211,573,243,73,396,560,550,267,377,249,122,537,285,428,611,299,924,744,785,577,402,489,430,500,317,621,452,634,335,481,628,432,485,621,726
g22,351,1003,783,513,400,381,327,130,875,701,95,785,759,362,286,446,337,762,527,646,131,694,0,244,740,340,532,524,824,74,798,121,415,872,490,714,578,581,906,898,222,801,290,195,840,117,803,785,740,217,218,641,293,596,799,254,42,510,248,293,709,211,653,541,252,899,357,915,620,322,224,189,480,1067,504,798,536,684,272,179,599,231,101,179,274,292,205,575,737,534,594,241,549,512,656,398,516,510,300,180
g23,577,1246,1020,758,644,592,494,273,1118,945,275,976,1003,560,518,625,559,934,768,868,301,938,244,0,985,513,742,762,992,201,1036,296,650,1117,733,883,792,797,1148,1143,396,1032,524,351,1068,134,1035,1026,951,43,259,880,518,841,937,485,227,721,440,535,954,368,892,734,473,1144,548,1155,865,564,441,408,722,1312,737,1039,731,919,513,385,819,15,210,220,452,537,450,771,923,768,770,485,719,730,865,567,733,717,477,310
g24,474,283,201,227,348,495,641,753,166,57,729,586,77,564,491,601,484,669,263,343,721,68,740,985,0,623,441,282,677,792,236,726,373,132,271,664,431,420,215,166,679,279,490,709,330,854,314,175,426,955,843,210,516,144,787,523,761,439,632,452,48,701,218,543,560,159,588,239,127,431,590,604,287,327,315,135,531,251,480,644,366,971,796,840,638,447,534,498,562,316,609,500,628,403,457,638,428,481,642,758
g25,479,827,577,446,401,128,20,242,707,569,255,918,675,556,187,651,151,934,527,387,221,559,340,513,623,0,246,539,487,329,777,435,254,743,475,895,683,680,721,788,497,565,412,161,589,390,816,739,449,471,275,628,446,491,461,179,321,230,491,264,613,145,645,705,438,767,566,719,498,378,433,170,478,926,311,622,695,691,233,432,336,498,307,299,65,302,290,260,410,575,778,267,750,252,762,628,624,647,545,499
g26,510,598,345,341,371,152,267,469,486,384,468,878,507,611,260,697,199,922,451,143,441,373,532,742,441,246,0,471,337,545,642,594,181,542,403,894,651,644,491,594,617,322,464,394,343,611,699,591,209,702,519,519,504,341,391,286,528,23,593,305,446,379,537,712,520,561,629,485,332,401,530,343,414,708,150,403,700,586,298,555,93,727,531,538,295,341,389,72,225,517,791,347,779,47,719,695,605,644,636,653
g27,202,564,435,135,142,432,549,577,448,276,543,407,265,282,357,320,389,458,23,457,547,277,524,762,282,539,471,0,791,588,274,478,308,400,68,436,187,178,495,406,413,497,239,559,551,641,288,265,571,740,680,117,253,192,861,379,554,455,363,287,236,558,129,278,300,427,306,516,225,204,333,446,61,586,322,399,265,163,321,390,447,750,602,663,523,259,330,543,671,48,353,314,360,423,249,355,158,210,365,498
g28,848,705,499,657,706,462,503,728,639,626,742,1196,754,949,584,1034,519,1249,770,344,708,616,824,992,677,487,337,791,0,816,908,906,519,731,727,1224,977,969,616,791,945,429,801,647,401,876,979,850,251,950,738,816,841,629,149,603,808,359,924,640,701,630,833,1047,854,740,966,594,607,739,862,640,740,840,472,579,1034,880,628,881,345,978,793,773,552,677,716,269,120,840,1125,676,1115,382,1040,1033,936,978,971,968
g29,422,1048,819,568,460,394,313,89,920,750,76,859,816,436,317,519,358,835,590,669,108,742,74,201,792,329,545,588,816,0,862,189,449,924,551,788,650,653,948,953,294,831,359,169,867,67,871,847,755,165,152,704,365,647,778,284,34,524,322,339,763,186,718,615,325,950,432,955,669,385,298,207,542,1118,536,840,610,750,314,253,620,186,33,108,264,346,262,579,737,601,668,292,623,531,729,471,588,583,373,241
g30,464,426,436,331,407,656,791,847,356,283,815,382,159,519,610,517,626,479,272,568,817,292,798,1036,236,777,642,274,908,862,0,747,525,260,317,488,309,298,407,224,671,514,511,823,564,915,81,62,660,1013,948,158,520,301,1011,636,828,634,621,548,207,819,144,424,567,276,541,437,311,477,600,710,322,387,497,363,416,118,581,658,582,1023,875,934,774,526,602,707,791,269,469,582,504,598,293,570,341,384,610,761
g31,284,1001,800,500,378,448,425,251,874,694,212,687,733,266,334,339,395,654,487,690,247,689,121,296,726,435,594,478,906,189,747,0,448,857,460,605,496,501,911,875,107,829,240,308,873,204,742,744,794,284,339,596,227,588,896,308,162,571,145,311,689,322,606,442,180,884,256,923,616,294,147,268,447,1051,535,802,439,630,303,90,647,286,220,297,372,294,215,646,810,478,487,259,440,565,570,286,437,421,190,64
g32,329,604,370,195,192,131,270,393,478,322,377,711,421,431,131,515,110,747,292,243,362,313,415,650,373,254,181,308,519,449,525,448,0,499,240,717,479,473,502,539,453,386,286,339,426,515,568,485,353,614,474,381,326,237,565,165,423,161,422,139,360,330,399,533,346,523,449,506,246,221,361,245,248,688,88,395,521,446,146,395,204,635,445,478,264,167,233,252,404,351,611,189,597,137,551,516,429,466,462,501
g33,599,173,232,359,479,615,761,883,104,177,860,640,139,683,620,711,609,734,384,424,851,186,872,1117,132,743,542,400,731,924,260,857,499,0,399,737,524,512,151,60,806,304,619,837,343,986,340,203,481,1087,972,306,644,276,855,653,893,544,758,584,168,828,308,640,688,27,707,182,256,562,719,735,414,195,432,152,629,326,611,774,458,1103,927,970,762,579,666,590,625,426,700,632,725,510,533,753,533,585,765,887
g34,204,553,397,75,91,365,486,530,431,251,499,475,273,300,298,354,325,522,52,396,500,249,490,733,271,475,403,68,727,551,317,460,240,399,0,498,250,242,474,415,408,453,221,506,506,607,343,296,512,707,631,159,245,152,794,321,517,388,360,231,231,503,175,330,289,426,324,492,186,169,320,393,18,591,256,371,317,217,265,375,383,720,561,618,464,209,288,476,606,114,407,265,408,355,316,380,213,260,372,488
g35,416,909,852,571,524,820,898,824,821,682,783,139,607,356,711,268,765,50,459,893,806,686,714,883,664,895,894,436,1224,788,488,605,717,737,498,0,249,258,872,711,498,921,485,848,976,810,418,535,1008,882,927,456,456,622,1282,716,756,876,465,635,617,854,446,189,478,758,357,900,652,519,498,749,484,874,752,798,200,415,662,535,881,877,815,892,856,595,613,966,1104,388,121,628,165,847,207,319,288,252,415,575
g36,230,697,609,322,290,592,690,664,595,441,625,234,386,236,496,211,542,271,210,644,639,445,578,792,431,683,651,187,977,650,309,496,479,524,250,249,0,12,645,511,401,676,299,667,731,690,270,337,759,779,770,222,286,374,1042,508,616,635,353,419,383,670,217,117,325,548,253,671,405,308,355,558,237,687,506,561,107,202,451,408,633,782,672,743,655,382,424,724,857,139,177,426,200,604,80,268,63,81,326,492
g37,231,685,598,313,285,587,687,665,583,430,626,239,374,242,493,221,538,279,201,635,640,433,581,797,420,680,644,178,969,653,298,501,473,512,242,258,12,0,633,499,407,665,300,667,720,693,261,326,749,783,771,210,288,363,1035,506,618,628,359,416,372,669,205,129,328,536,260,659,395,306,359,557,229,675,498,550,118,190,448,413,625,787,674,745,653,379,424,717,849,130,189,425,212,596,82,277,64,89,333,498
g38,678,106,146,415,538,597,741,895,51,223,879,783,265,773,632,815,606,873,474,354,864,225,906,1148,215,721,491,495,616,948,407,911,502,151,474,872,645,633,0,205,876,192,685,838,215,1014,489,348,378,1114,973,423,715,326,752,666,920,500,831,613,263,827,430,758,756,145,797,30,295,620,784,747,491,227,420,109,746,457,635,835,399,1133,947,979,752,619,705,524,523,530,823,665,843,471,665,850,643,696,847,950
g39,608,202,292,385,499,660,806,917,162,218,892,606,142,686,656,706,650,704,392,480,885,229,898,1143,166,788,594,406,791,953,224,875,539,60,415,711,511,499,205,0,818,364,635,875,403,1013,302,176,541,1114,1008,301,656,308,915,688,921,595,769,614,189,867,300,628,702,60,710,236,293,582,734,769,428,180,478,212,617,308,643,790,513,1129,958,1005,804,606,692,646,685,426,682,660,711,560,510,751,526,576,771,901
g40,210,961,778,461,338,483,491,346,836,655,305,581,676,165,360,232,425,547,425,696,336,651,222,396,679,497,617,413,945,294,671,107,453,806,408,498,401,407,876,818,0,816,191,392,864,312,657,674,806,388,441,527,162,550,950,342,264,595,50,315,639,403,535,338,120,834,152,892,581,259,94,326,392,997,534,770,335,552,319,64,658,387,324,401,439,287,228,677,841,403,380,270,332,583,471,178,346,323,83,90
g41,643,291,77,379,487,451,586,767,210,243,757,857,354,746,515,807,474,933,474,179,736,237,801,1032,279,565,322,497,429,831,514,829,386,304,453,921,676,665,192,364,816,0,629,701,54,898,592,452,186,995,832,469,665,305,561,548,808,335,777,518,317,687,481,775,699,311,769,175,272,559,722,624,470,419,297,156,763,522,531,765,229,1017,824,845,607,535,614,343,331,542,849,571,857,314,717,829,656,708,804,877
g42,71,770,587,269,147,353,414,365,645,464,326,524,493,150,234,242,294,525,247,520,340,460,290,524,490,412,464,239,801,359,511,240,286,619,221,485,299,300,685,635,191,629,0,370,678,406,513,504,635,503,471,357,40,358,830,233,324,442,148,163,451,374,368,296,71,647,165,700,389,70,99,265,207,812,357,578,286,395,184,154,487,512,377,446,371,124,129,531,689,244,367,144,338,423,379,232,236,244,178,267
g43,442,942,700,501,418,250,144,81,817,660,101,894,747,493,218,586,232,891,555,528,65,651,195,351,709,161,394,559,647,169,823,308,339,837,506,848,667,667,838,875,392,701,370,0,730,229,847,796,603,310,135,666,393,567,609,188,168,375,401,275,689,17,682,662,370,862,496,841,582,365,353,113,503,1028,418,734,654,721,241,333,477,336,146,144,100,300,243,419,572,585,727,247,690,389,748,550,605,615,457,371
g44,694,305,128,432,538,480,609,799,243,297,792,911,405,797,553,860,508,987,528,202,769,291,840,1068,330,589,343,551,401,867,564,873,426,343,506,976,731,720,215,403,864,54,678,730,0,934,643,502,174,1029,859,523,715,359,540,586,844,358,826,561,370,716,535,830,747,347,820,193,326,608,769,660,524,438,338,202,817,575,572,811,253,1052,858,875,634,581,657,352,314,597,904,614,911,341,771,881,710,762,854,922
g45,465,1113,886,628,517,460,373,148,985,813,143,889,875,467,384,543,425,859,645,736,172,806,117,134,854,390,611,641,876,67,915,204,515,986,607,810,690,693,1014,1013,312,898,406,229,934,0,920,902,821,101,175,758,407,709,833,350,93,590,348,403,824,246,771,645,365,1012,459,1021,732,439,334,274,598,1181,603,905,641,801,379,283,687,119,83,127,327,406,321,644,800,651,691,353,644,598,766,490,629,619,394,242
g46,458,504,515,373,429,699,828,864,438,356,830,305,238,497,641,481,665,406,293,636,835,365,803,1035,314,816,699,288,979,871,81,742,568,340,343,418,270,261,489,302,657,592,513,847,643,920,0,142,732,1016,968,187,516,359,1076,664,836,690,607,573,279,845,170,379,562,356,517,519,374,490,594,733,344,456,551,443,372,126,607,652,646,1023,887,950,807,547,617,767,860,269,414,602,454,654,236,538,314,350,589,748
g47,464,374,374,296,387,615,754,825,296,223,795,437,97,530,579,539,590,531,258,511,794,233,785,1026,175,739,591,265,850,847,62,744,485,203,296,535,337,326,348,176,674,452,504,796,502,902,142,0,600,1002,924,147,518,253,955,607,813,585,624,522,149,791,139,454,565,222,553,377,259,463,597,684,304,349,450,301,444,135,554,655,528,1013,857,913,741,504,584,655,733,271,507,560,537,549,334,588,359,407,619,762
g48,668,475,249,437,513,361,469,678,394,376,678,966,503,772,460,849,403,1028,548,117,650,367,740,951,426,449,209,571,251,755,660,794,353,481,512,1008,759,749,378,541,806,186,635,603,174,821,732,600,0,911,724,579,675,393,376,489,737,230,775,491,453,587,594,842,698,492,793,360,367,566,714,552,528,605,278,328,829,640,492,747,148,936,741,746,503,520,583,193,145,620,920,539,917,229,814,858,725,772,813,850
g49,559,1213,985,729,617,552,452,232,1085,914,238,970,976,550,483,619,521,932,744,830,261,907,217,43,955,471,702,740,950,165,1013,284,614,1087,707,882,779,783,1114,1114,388,995,503,310,1029,101,1016,1002,911,0,216,857,500,811,894,449,194,681,429,504,925,326,869,726,456,1114,539,1120,833,539,424,370,697,1282,701,1006,722,898,479,370,780,29,171,177,410,508,421,729,881,747,766,455,717,691,854,563,719,705,470,307
g50,540,1077,834,631,541,381,255,106,952,794,145,988,879,571,351,659,367,973,677,657,132,786,218,259,843,275,519,680,738,152,948,339,474,972,631,927,770,771,973,1008,441,832,471,135,859,175,968,924,724,216,0,790,486,700,678,320,177,501,463,401,822,145,805,748,453,997,570,975,716,478,429,240,626,1162,553,868,742,843,369,393,606,246,119,47,225,422,352,535,678,701,806,366,764,518,850,615,707,709,517,393
g51,316,478,397,185,249,511,641,689,373,226,656,390,167,386,455,405,477,464,114,473,659,232,641,880,210,628,519,117,816,704,158,596,381,306,159,456,222,210,423,301,527,469,357,666,523,758,187,147,579,857,790,0,370,187,904,480,670,508,477,391,162,663,17,335,417,331,409,449,211,319,450,552,164,482,369,342,324,66,424,507,475,868,717,776,621,368,444,589,696,125,399,424,420,473,249,450,226,278,473,614
g52,58,798,622,300,179,392,446,380,674,493,340,503,514,111,271,205,333,498,264,560,357,490,293,518,516,446,504,253,841,365,520,227,326,644,245,456,286,288,715,656,162,665,40,393,715,407,516,518,675,500,486,370,0,388,869,268,330,482,116,203,476,399,380,268,46,671,125,731,420,108,79,293,229,835,397,609,260,403,222,137,528,507,386,458,402,164,157,571,729,251,336,179,304,463,365,192,223,223,140,245
g53,354,413,245,89,211,365,507,609,287,106,585,572,183,452,348,505,346,638,168,285,577,101,596,841,144,491,341,192,629,647,301,588,237,276,152,622,374,363,326,308,550,305,358,567,359,709,359,253,393,811,700,187,388,0,719,380,616,333,504,307,123,559,204,470,429,303,476,343,34,294,458,461,170,471,196,221,457,251,335,510,289,827,651,696,500,304,391,408,509,237,544,355,552,297,422,533,351,402,521,624
g54,886,845,625,730,758,477,472,688,770,733,710,1269,862,980,599,1071,536,1312,842,444,674,723,799,937,787,461,391,861,149,778,1011,896,565,855,794,1282,1042,1035,752,915,950,561,830,609,540,833,1076,955,376,894,678,904,869,719,0,610,777,407,937,666,806,592,921,1098,874,867,995,732,702,775,876,628,805,978,540,703,1086,969,647,885,430,923,751,718,525,706,728,318,230,908,1176,693,1159,438,1110,1060,994,1031,988,960
g55,300,767,535,312,237,141,182,230,640,476,212,742,559,379,34,474,87,755,371,392,198,468,254,485,523,179,286,379,603,284,636,308,165,653,321,716,508,506,666,688,342,548,233,188,586,350,664,607,489,449,320,480,268,380,610,0,259,263,327,92,501,183,497,526,265,679,391,672,397,200,265,81,320,846,252,559,516,538,58,278,346,470,280,317,147,126,117,338,503,409,599,89,572,260,588,455,448,469,378,368
g56,387,1019,793,536,426,376,307,95,891,719,67,825,783,403,292,487,337,803,556,648,103,712,42,227,761,321,528,554,808,34,828,162,423,893,517,756,616,618,920,921,264,808,324,168,844,93,836,813,737,194,177,670,330,616,777,259,0,506,290,309,731,184,684,582,291,919,399,928,639,351,264,185,508,1088,511,812,576,716,285,221,599,212,59,137,256,314,229,566,726,567,635,260,591,511,694,440,553,549,342,218
g57,489,606,353,328,352,130,251,448,492,382,447,863,503,589,237,676,176,904,436,156,420,371,510,721,439,230,23,455,359,524,634,571,161,544,388,876,635,628,500,595,595,335,442,375,358,590,690,585,230,681,501,508,482,333,407,263,506,0,570,283,442,360,526,693,497,564,607,494,326,380,508,321,398,714,139,408,681,575,275,532,106,706,511,520,277,318,366,91,247,502,772,324,759,36,704,674,587,626,614,629
g58,161,914,736,416,295,464,487,364,790,609,323,542,627,120,340,197,406,513,376,663,350,606,248,440,632,491,593,363,924,322,621,145,422,758,360,465,353,359,831,769,50,777,148,401,826,348,607,624,775,429,463,477,116,504,937,327,290,570,0,287,591,410,485,297,78,785,111,847,536,218,62,323,344,948,500,725,293,502,296,70,627,430,350,427,437,255,209,655,817,353,345,247,301,556,425,151,297,277,56,140
g59,222,710,493,231,145,190,271,304,582,410,277,654,480,313,77,405,132,671,280,382,273,403,293,535,452,264,305,287,640,339,548,311,139,584,231,635,419,416,613,614,315,518,163,275,561,403,573,522,491,504,401,391,203,307,666,92,309,283,287,0,425,272,407,445,214,610,329,622,329,115,225,162,229,778,224,505,434,447,34,256,343,521,344,392,238,40,96,370,530,317,520,52,497,268,498,395,360,384,331,362
g60,432,327,241,195,312,486,629,729,213,76,703,542,62,519,470,554,469,623,218,362,697,86,709,954,48,613,446,236,701,763,207,689,360,168,231,617,383,372,263,189,639,317,451,689,370,824,279,149,453,925,822,162,476,123,806,501,731,442,591,425,0,682,171,495,520,195,543,287,117,395,551,582,246,361,311,180,483,206,454,606,379,940,769,817,623,417,503,508,585,268,561,471,580,406,410,592,380,433,598,719
g61,446,931,688,495,416,236,127,98,807,651,117,898,740,500,212,593,221,897,552,514,81,642,211,368,701,145,379,558,630,186,819,322,330,828,503,854,670,669,827,867,403,687,374,17,716,246,845,791,587,326,145,663,399,559,592,183,184,360,410,272,682,0,679,667,377,853,504,829,573,365,361,113,501,1018,407,723,659,719,238,343,463,353,163,159,84,299,246,403,556,585,733,247,697,375,751,559,607,619,466,385
g62,325,480,408,203,264,529,658,703,379,238,671,376,169,391,472,406,494,453,128,489,674,244,653,892,218,645,537,129,833,718,144,606,399,308,175,446,217,205,430,300,535,481,368,682,535,771,170,139,594,869,805,17,380,204,921,497,684,526,485,407,171,679,0,332,426,333,414,456,227,333,459,568,179,480,387,352,321,48,440,517,492,880,731,790,637,383,458,607,713,132,394,439,417,490,239,452,226,277,479,623
g63,226,813,712,405,341,631,709,644,708,547,603,244,502,179,521,114,576,229,301,725,624,550,541,734,543,705,712,278,1047,615,424,442,533,640,330,189,117,129,758,628,338,775,296,662,830,645,379,454,842,726,748,335,268,470,1098,526,582,693,297,445,495,667,332,0,295,664,186,782,503,330,319,561,314,804,575,669,13,319,473,363,707,725,641,716,667,405,424,785,928,233,78,438,85,666,150,175,119,69,256,424
g64,103,841,659,340,218,398,437,348,716,535,307,535,559,123,274,217,338,523,310,585,328,531,252,473,560,438,520,300,854,325,567,180,346,688,289,478,325,328,756,702,120,699,71,370,747,365,562,565,698,456,453,417,46,429,874,265,291,497,78,214,520,377,426,295,0,715,128,772,460,140,33,277,274,880,422,649,288,449,227,90,550,462,349,422,389,179,148,584,745,297,357,180,320,481,403,190,264,258,116,199
g65,626,151,242,386,506,638,785,909,104,202,887,658,164,709,646,736,634,754,410,440,877,211,899,1144,159,767,561,427,740,950,276,884,523,27,426,758,548,536,145,60,834,311,647,862,347,1012,356,222,492,1114,997,331,671,303,867,679,919,564,785,610,195,853,333,664,715,0,733,176,282,589,746,760,441,168,455,165,653,348,637,801,476,1130,954,996,787,606,693,608,637,452,723,658,749,530,555,779,558,609,792,914
g66,126,871,718,391,283,518,565,468,752,574,426,431,570,24,396,90,459,404,324,677,450,573,357,548,588,566,629,306,966,432,541,256,449,707,324,357,253,260,797,710,152,769,165,496,820,459,517,553,793,539,570,409,125,476,995,391,399,607,111,329,543,504,414,186,128,733,0,816,509,228,142,406,306,890,515,695,183,423,347,178,647,539,459,535,518,290,276,696,853,283,236,303,194,587,320,66,203,173,73,241
g67,696,115,141,431,553,597,739,900,81,242,884,812,293,792,638,836,608,901,495,345,868,243,915,1155,239,719,485,516,594,955,437,923,506,182,492,900,671,659,30,236,892,175,700,841,193,1021,519,377,360,1120,975,449,731,343,732,672,928,494,847,622,287,829,456,782,772,176,816,0,311,634,799,752,510,246,422,122,770,484,642,849,392,1140,952,982,752,630,715,514,504,553,848,675,867,467,692,870,667,720,864,963
g68,387,385,211,120,242,370,514,627,258,80,605,600,179,486,364,539,357,667,202,263,595,73,620,865,127,498,332,225,607,669,311,616,246,256,186,652,405,395,295,293,581,272,389,582,326,732,374,259,367,833,716,211,420,34,702,397,639,326,536,329,117,573,227,503,460,282,509,311,0,324,488,478,204,449,194,189,490,273,355,539,272,850,672,714,511,329,416,396,488,270,577,379,585,290,451,566,384,435,554,654
g69,110,708,519,206,83,302,383,374,582,401,339,541,441,209,192,296,246,556,205,451,346,396,322,564,431,378,401,204,739,385,477,294,221,562,169,519,308,306,620,582,259,559,70,365,608,439,490,463,566,539,478,319,108,294,775,200,351,380,218,115,395,365,333,330,140,589,228,634,324,0,165,252,158,756,288,512,319,366,144,215,420,551,398,460,347,75,127,470,625,222,406,119,384,359,388,294,247,269,248,329
g70,136,870,684,369,246,402,430,326,745,563,285,561,591,142,278,233,343,544,343,603,308,560,224,441,590,433,530,333,862,298,600,147,361,719,320,498,355,359,784,734,94,722,99,353,769,334,594,597,714,424,429,450,79,458,876,265,264,508,62,225,551,361,459,319,33,746,142,799,488,165,0,267,305,911,441,677,313,482,233,57,566,430,322,397,381,194,148,593,755,330,377,185,337,494,432,198,294,285,112,168
g71,336,849,615,390,304,191,164,149,722,558,132,788,639,399,115,494,151,791,441,462,117,550,189,408,604,170,343,446,640,207,710,268,245,735,393,749,558,557,747,769,326,624,265,113,660,274,733,684,552,370,240,552,293,461,628,81,185,321,323,162,582,113,568,561,277,760,406,752,478,252,267,0,389,927,331,640,552,608,129,262,413,392,200,235,113,186,136,386,549,472,629,134,596,325,639,465,496,509,378,332
g72,187,570,415,92,85,371,488,524,448,268,492,464,286,282,298,336,328,508,51,412,495,267,480,722,287,478,414,61,740,542,322,447,248,414,18,484,237,229,491,428,392,470,207,503,524,598,344,304,528,697,626,164,229,170,805,320,508,398,344,229,246,501,179,314,274,441,306,510,204,158,305,389,0,606,268,389,301,218,263,361,397,709,554,612,464,204,281,487,620,103,391,260,391,367,305,362,197,244,355,473
g73,788,137,368,554,673,798,944,1076,222,369,1054,759,321,867,812,886,797,862,572,577,1044,377,1067,1312,327,926,708,586,840,1118,387,1051,688,195,591,874,687,675,227,180,997,419,812,1028,438,1181,456,349,605,1282,1162,482,835,471,978,846,1088,714,948,778,361,1018,480,804,880,168,890,246,449,756,911,927,606,0,616,305,794,484,805,967,618,1298,1121,1163,949,775,861,747,750,607,855,827,887,683,680,932,706,755,951,1079
g74,390,524,284,190,238,183,329,477,400,260,464,730,373,494,219,573,186,777,302,163,446,249,504,737,315,311,150,322,472,536,497,535,88,432,256,752,506,498,420,478,534,297,357,418,338,603,551,450,278,701,553,369,397,196,540,252,511,139,500,224,311,407,387,575,422,455,515,422,194,288,441,331,268,616,0,316,563,435,234,478,133,722,531,560,334,247,320,222,352,370,654,276,646,103,571,580,463,506,536,586
g75,575,208,80,309,431,496,642,789,84,123,771,721,205,672,525,719,501,804,377,276,757,122,798,1039,135,622,403,399,579,840,363,802,395,152,371,798,561,550,109,212,770,156,578,734,202,905,443,301,328,1006,868,342,609,221,703,559,812,408,725,505,180,723,352,669,649,165,695,122,189,512,677,640,389,305,316,0,657,386,526,727,314,1025,839,873,650,510,596,445,473,438,739,556,754,377,591,750,552,605,743,842
g76,216,801,699,392,329,620,698,637,696,535,596,249,490,174,511,115,565,239,288,712,616,537,536,731,531,695,700,265,1034,610,416,439,521,629,317,200,107,118,746,617,335,763,286,654,817,641,372,444,829,722,742,324,260,457,1086,516,576,681,293,434,483,659,321,13,288,653,183,770,490,319,313,552,301,794,563,657,0,309,462,358,695,722,635,710,657,394,415,772,915,220,91,428,97,654,146,176,106,56,254,422
g77,346,499,447,251,303,576,702,740,405,278,706,336,192,401,515,404,539,418,167,536,711,285,684,919,251,691,586,163,880,750,118,630,446,326,217,415,202,190,457,308,552,522,395,721,575,801,126,135,640,898,843,66,403,251,969,538,716,575,502,447,206,719,48,319,449,348,423,484,273,366,482,608,218,484,435,386,309,0,481,540,540,907,765,826,681,421,493,656,760,151,374,476,403,539,208,455,225,272,491,642
g78,248,733,510,262,179,170,239,274,606,436,249,685,510,334,49,427,111,700,314,387,242,428,272,513,480,233,298,321,628,314,581,303,146,611,265,662,451,448,635,643,319,531,184,241,572,379,607,554,492,479,369,424,222,335,647,58,285,275,296,34,454,238,440,473,227,637,347,642,355,144,233,129,263,805,234,526,462,481,0,257,344,498,316,362,205,69,91,359,522,351,547,48,522,265,530,413,391,413,343,358
g79,194,923,730,421,298,419,427,294,797,616,252,607,647,184,297,266,361,582,400,638,280,611,179,385,644,432,555,390,881,253,658,90,395,774,375,535,408,413,835,790,64,765,154,333,811,283,652,655,747,370,393,507,137,510,885,278,221,532,70,256,606,343,517,363,90,801,178,849,539,215,57,262,361,967,478,727,358,540,257,0,599,374,280,357,375,231,166,614,778,388,414,209,370,522,484,221,349,336,125,114
g80,524,505,252,312,372,228,357,548,396,310,543,851,438,628,315,707,262,904,425,51,519,299,599,819,366,336,93,447,345,620,582,647,204,458,383,881,633,625,399,513,658,229,487,477,253,687,646,528,148,780,606,475,528,289,430,346,599,106,627,343,379,463,492,707,550,476,647,392,272,420,566,413,397,618,133,314,695,540,344,599,0,804,609,622,381,372,435,133,224,495,786,391,780,89,695,713,594,638,665,703
g81,565,1232,1005,745,631,576,479,258,1104,931,260,968,990,551,503,617,544,927,755,853,285,924,231,15,971,498,727,750,978,186,1023,286,635,1103,720,877,782,787,1133,1129,387,1017,512,336,1052,119,1023,1013,936,29,246,868,507,827,923,470,212,706,430,521,940,353,880,725,462,1130,539,1140,850,551,430,392,709,1298,722,1025,722,907,498,374,804,0,195,206,436,523,436,756,908,756,763,471,713,715,856,559,723,707,469,303
g82,443,1048,815,574,470,381,290,65,920,752,68,883,823,462,314,547,350,863,603,658,90,744,101,210,796,307,531,602,793,33,875,220,445,927,561,815,672,674,947,958,324,824,377,146,858,83,887,857,741,171,119,717,386,651,751,280,59,511,350,344,769,163,731,641,349,954,459,952,672,398,322,200,554,1121,531,839,635,765,316,280,609,195,0,77,244,354,273,562,717,617,695,298,651,520,751,500,609,607,402,274
g83,513,1082,843,624,527,394,279,88,956,794,120,958,873,538,350,624,374,939,662,673,119,785,179,220,840,299,538,663,773,108,934,297,478,970,618,892,743,745,979,1005,401,845,446,144,875,127,950,913,746,177,47,776,458,696,718,317,137,520,427,392,817,159,790,716,422,996,535,982,714,460,397,235,612,1163,560,873,710,826,362,357,622,206,77,0,243,408,333,560,707,682,771,352,728,534,823,577,680,680,480,349
g84,441,857,611,444,382,156,53,179,734,586,190,888,683,510,166,605,153,897,515,432,156,577,274,452,638,65,295,523,552,264,774,372,264,762,464,856,655,653,752,804,439,607,371,100,634,327,807,741,503,410,225,621,402,500,525,147,256,277,437,238,623,84,637,667,389,787,518,752,511,347,381,113,464,949,334,650,657,681,205,375,381,436,244,243,0,273,244,319,473,556,738,230,707,293,735,578,594,612,492,437
g85,182,713,505,221,119,230,308,321,585,409,290,616,469,274,116,365,172,632,255,409,290,402,292,537,447,302,341,259,677,346,526,294,167,579,209,595,382,379,619,606,287,535,124,300,581,406,547,504,520,508,422,368,164,304,706,126,314,318,255,40,417,299,383,405,179,606,290,630,329,75,194,186,204,775,247,510,394,421,69,231,372,523,354,408,273,0,87,407,566,286,480,56,457,301,461,356,322,345,296,341
g86,200,800,588,308,197,255,290,247,672,496,212,652,554,266,131,361,197,654,330,476,219,489,205,450,534,290,389,330,716,262,602,215,233,666,288,613,424,424,705,692,228,614,129,243,657,321,617,584,583,421,352,444,157,391,728,117,229,366,209,96,503,246,458,424,148,693,276,715,416,127,148,136,281,861,320,596,415,493,91,166,435,436,273,333,244,87,0,448,612,349,493,44,462,356,505,338,361,373,260,267
g87,580,629,379,413,443,197,280,497,525,441,503,951,568,679,317,766,252,995,524,170,472,430,575,771,498,260,72,543,269,579,707,646,252,590,476,966,724,717,524,646,677,343,531,419,352,644,767,655,193,729,535,589,571,408,318,338,566,91,655,370,508,403,607,785,584,608,696,514,396,470,593,386,487,747,222,445,772,656,359,614,133,756,562,560,319,407,448,0,164,590,863,408,850,120,792,763,678,717,701,706
g88,733,618,394,536,588,362,429,652,540,510,661,1075,638,835,481,919,417,1128,649,224,629,500,737,923,562,410,225,671,120,737,791,810,404,625,606,1104,857,849,523,685,841,331,689,572,314,800,860,733,145,881,678,696,729,509,230,503,726,247,817,530,585,556,713,928,745,637,853,504,488,625,755,549,620,750,352,473,915,760,522,778,224,908,717,707,473,566,612,164,0,719,1007,570,998,266,919,920,816,859,862,871
g89,195,594,478,183,174,472,584,596,482,315,561,361,288,260,391,285,427,409,71,505,568,317,534,768,316,575,517,48,840,601,269,478,351,426,114,388,139,130,530,426,403,542,244,585,597,651,269,271,620,747,701,125,251,237,908,409,567,502,353,317,268,585,132,233,297,452,283,553,270,222,330,472,103,607,370,438,220,151,351,388,495,756,617,682,556,286,349,590,719,0,307,338,316,470,201,326,114,167,347,492
g90,299,873,784,483,420,708,781,703,772,618,662,212,563,235,596,148,652,167,376,803,685,621,594,770,609,778,791,353,1125,668,469,487,611,700,407,121,177,189,823,682,380,849,367,727,904,691,414,507,920,766,806,399,336,544,1176,599,635,772,345,520,561,733,394,78,357,723,236,848,577,406,377,629,391,855,654,739,91,374,547,414,786,763,695,771,738,480,493,863,1007,307,0,510,53,745,178,203,195,148,297,460
g91,212,762,546,275,174,217,270,265,634,459,234,658,524,291,94,385,158,667,310,432,234,452,241,485,500,267,347,314,676,292,582,259,189,632,265,628,426,425,665,660,270,571,144,247,614,353,602,560,539,455,366,424,179,355,693,89,260,324,247,52,471,247,439,438,180,658,303,675,379,119,185,134,260,827,276,556,428,476,48,209,391,471,298,352,230,56,44,408,570,338,510,0,483,313,507,368,365,382,295,312
g92,275,897,795,484,409,687,751,662,793,632,621,266,586,197,571,104,630,215,383,800,645,634,549,719,628,750,779,360,1115,623,504,440,597,725,408,165,200,212,843,711,332,857,338,690,911,644,454,537,917,717,764,420,304,552,1159,572,591,759,301,497,580,697,417,85,320,749,194,867,585,384,337,596,391,887,646,754,97,403,522,370,780,713,651,728,707,457,462,850,998,316,53,483,0,733,219,154,202,149,250,410
g93,467,577,325,293,325,139,273,459,461,346,454,830,467,568,231,653,175,874,403,139,430,335,512,730,403,252,47,423,382,531,598,565,137,510,355,847,604,596,471,560,583,314,423,389,341,598,654,549,229,691,518,473,463,297,438,260,511,36,556,268,406,375,490,666,481,530,587,467,290,359,494,325,367,683,103,377,654,539,265,522,89,715,520,534,293,301,356,120,266,470,745,313,733,0,672,653,558,598,598,623
g94,310,706,646,383,365,668,769,744,614,476,705,159,400,305,575,262,619,216,270,702,720,481,656,865,457,762,719,249,1040,729,293,570,551,533,316,207,80,82,665,510,471,717,379,748,771,766,236,334,814,854,850,249,365,422,1110,588,694,704,425,498,410,751,239,150,403,555,320,692,451,388,432,639,305,680,571,591,146,208,530,484,695,856,751,823,735,461,505,792,919,201,178,507,219,672,0,322,143,148,393,561
g95,190,920,777,451,347,583,627,515,803,628,474,411,614,85,461,61,524,369,375,742,501,628,398,567,638,628,695,355,1033,471,570,286,516,753,380,319,268,277,850,751,178,829,232,550,881,490,538,588,858,563,615,450,192,533,1060,455,440,674,151,395,592,559,452,175,190,779,66,870,566,294,198,465,362,932,580,750,176,455,413,221,713,559,500,577,578,356,338,763,920,326,203,368,154,653,322,0,229,187,97,256
g96,167,703,593,288,237,537,630,601,594,430,562,293,393,183,437,180,485,318,182,609,576,432,516,733,428,624,605,158,936,588,341,437,429,533,213,288,63,64,643,526,346,656,236,605,710,629,314,359,725,719,707,226,223,351,994,448,553,587,297,360,380,607,226,119,264,558,203,667,384,247,294,496,197,706,463,552,106,225,391,349,594,723,609,680,594,322,361,678,816,114,195,365,202,558,143,229,0,53,275,436
g97,173,756,645,336,273,568,652,603,647,483,563,280,445,157,461,132,513,286,233,655,581,485,510,717,481,647,644,210,978,583,384,421,466,585,260,252,81,89,696,576,323,708,244,615,762,619,350,407,772,705,709,278,223,402,1031,469,549,626,277,384,433,619,277,69,258,609,173,720,435,269,285,509,244,755,506,605,56,272,413,336,638,707,607,680,612,345,373,717,859,167,148,382,149,598,148,187,53,0,246,413
