Fahrtkosten,g0,g1,g2,g3,g4,g5,g6,g7,g8,g9,g10,g11,g12,g13,g14,g15,g16,g17,g18,g19,g20,g21,g22,g23,g24,g25,g26,g27,g28,g29,g30,g31,g32,g33,g34,g35,g36,g37,g38,g39,g40,g41,g42,g43,g44,g45,g46,g47,g48,g49
g0,0,757,594,267,157,412,482,434,635,455,395,452,466,104,297,186,355,455,215,551,410,453,351,577,474,479,510,202,848,422,464,284,329,599,204,416,230,231,678,608,210,643,71,442,694,465,458,464,668,559
g1,757,0,252,502,625,702,847,998,128,307,980,808,311,847,733,880,710,905,546,459,966,312,1003,1246,283,827,598,564,705,1048,426,1001,604,173,553,909,697,685,106,202,961,291,770,942,305,1113,504,374,475,1213
g2,594,252,0,326,442,455,597,761,148,170,747,783,277,695,501,750,469,861,412,208,730,165,783,1020,201,577,345,435,499,819,436,800,370,232,397,852,609,598,146,292,778,77,587,700,128,886,515,374,249,985
g3,267,502,326,0,123,326,459,535,376,195,509,540,249,368,283,427,295,593,113,322,504,190,513,758,227,446,341,135,657,568,331,500,195,359,75,571,322,313,415,385,461,379,269,501,432,628,373,296,437,729
g4,157,625,442,123,0,302,410,439,499,318,408,524,359,261,216,335,254,555,136,396,409,313,400,644,348,401,371,142,706,460,407,378,192,479,91,524,290,285,538,499,338,487,147,418,538,517,429,387,513,617
g5,412,702,455,326,302,0,146,320,581,441,317,827,548,503,123,595,59,854,418,278,291,431,381,592,495,128,152,432,462,394,656,448,131,615,365,820,592,587,597,660,483,451,353,250,480,460,699,615,361,552
g6,482,847,597,459,410,146,0,225,726,587,240,924,691,556,194,651,164,937,538,408,205,577,327,494,641,20,267,549,503,313,791,425,270,761,486,898,690,687,741,806,491,586,414,144,609,373,828,754,469,452
g7,434,998,761,535,439,320,225,0,871,707,41,883,785,468,264,558,293,870,575,598,32,699,130,273,753,242,469,577,728,89,847,251,393,883,530,824,664,665,895,917,346,767,365,81,799,148,864,825,678,232
g8,635,128,148,376,499,581,726,871,0,181,852,732,213,728,607,767,585,821,428,355,839,185,875,1118,166,707,486,448,639,920,356,874,478,104,431,821,595,583,51,162,836,210,645,817,243,985,438,296,394,1085
g9,455,307,170,195,318,441,587,707,181,0,685,614,129,550,443,596,432,691,254,289,675,11,701,945,57,569,384,276,626,750,283,694,322,177,251,682,441,430,223,218,655,243,464,660,297,813,356,223,376,914
g10,395,980,747,509,408,317,240,41,852,685,0,843,758,427,246,516,283,829,542,593,36,677,95,275,729,255,468,543,742,76,815,212,377,860,499,783,625,626,879,892,305,757,326,101,792,143,830,795,678,238
g11,452,808,783,540,524,827,924,883,732,614,843,0,520,423,731,352,777,107,427,856,861,620,785,976,586,918,878,407,1196,859,382,687,711,640,475,139,234,239,783,606,581,857,524,894,911,889,305,437,966,970
g12,466,311,277,249,359,548,691,785,213,129,758,520,0,546,528,571,530,608,250,418,753,139,759,1003,77,675,507,265,754,816,159,733,421,139,273,607,386,374,265,142,676,354,493,747,405,875,238,97,503,976
g13,104,847,695,368,261,503,556,468,728,550,427,423,546,0,383,95,444,402,300,656,450,549,362,560,564,556,611,282,949,436,519,266,431,683,300,356,236,242,773,686,165,746,150,493,797,467,497,530,772,550
g14,297,733,501,283,216,123,194,264,607,443,246,731,528,383,0,476,65,748,349,361,232,435,286,518,491,187,260,357,584,317,610,334,131,620,298,711,496,493,632,656,360,515,234,218,553,384,641,579,460,483
g15,186,880,750,427,335,595,651,558,767,596,516,352,571,95,476,0,537,316,341,732,541,596,446,625,601,651,697,320,1034,519,517,339,515,711,354,268,211,221,815,706,232,807,242,586,860,543,481,539,849,619
g16,355,710,469,295,254,59,164,293,585,432,283,777,530,444,65,537,0,800,377,310,262,423,337,559,484,151,199,389,519,358,626,395,110,609,325,765,542,538,606,650,425,474,294,232,508,425,665,590,403,521
g17,455,905,861,593,555,854,937,870,821,691,829,107,608,402,748,316,800,0,480,914,851,696,762,934,669,934,922,458,1249,835,479,654,747,734,522,50,271,279,873,704,547,933,525,891,987,859,406,531,1028,932
g18,215,546,412,113,136,418,538,575,428,254,542,427,250,300,349,341,377,480,0,434,545,255,527,768,263,527,451,23,770,590,272,487,292,384,52,459,210,201,474,392,425,474,247,555,528,645,293,258,548,744
g19,551,459,208,322,396,278,408,598,355,289,593,856,418,656,361,732,310,914,434,0,569,278,646,868,343,387,143,457,344,669,568,690,243,424,396,893,644,635,354,480,696,179,520,528,202,736,636,511,117,830
g20,410,966,730,504,409,291,205,32,839,675,36,861,753,450,232,541,262,851,545,569,0,667,131,301,721,221,441,547,708,108,817,247,362,851,500,806,639,640,864,885,336,736,340,65,769,172,835,794,650,261
g21,453,312,165,190,313,431,577,699,185,11,677,620,139,549,435,596,423,696,255,278,667,0,694,938,68,559,373,277,616,742,292,689,313,186,249,686,445,433,225,229,651,237,460,651,291,806,365,233,367,907
g22,351,1003,783,513,400,381,327,130,875,701,95,785,759,362,286,446,337,762,527,646,131,694,0,244,740,340,532,524,824,74,798,121,415,872,490,714,578,581,906,898,222,801,290,195,840,117,803,785,740,217
g23,577,1246,1020,758,644,592,494,273,1118,945,275,976,1003,560,518,625,559,934,768,868,301,938,244,0,985,513,742,762,992,201,1036,296,650,1117,733,883,792,797,1148,1143,396,1032,524,351,1068,134,1035,1026,951,43
g24,474,283,201,227,348,495,641,753,166,57,729,586,77,564,491,601,484,669,263,343,721,68,740,985,0,623,441,282,677,792,236,726,373,132,271,664,431,420,215,166,679,279,490,709,330,854,314,175,426,955
g25,479,827,577,446,401,128,20,242,707,569,255,918,675,556,187,651,151,934,527,387,221,559,340,513,623,0,246,539,487,329,777,435,254,743,475,895,683,680,721,788,497,565,412,161,589,390,816,739,449,471
g26,510,598,345,341,371,152,267,469,486,384,468,878,507,611,260,697,199,922,451,143,441,373,532,742,441,246,0,471,337,545,642,594,181,542,403,894,651,644,491,594,617,322,464,394,343,611,699,591,209,702
g27,202,564,435,135,142,432,549,577,448,276,543,407,265,282,357,320,389,458,23,457,547,277,524,762,282,539,471,0,791,588,274,478,308,400,68,436,187,178,495,406,413,497,239,559,551,641,288,265,571,740
g28,848,705,499,657,706,462,503,728,639,626,742,1196,754,949,584,1034,519,1249,770,344,708,616,824,992,677,487,337,791,0,816,908,906,519,731,727,1224,977,969,616,791,945,429,801,647,401,876,979,850,251,950
g29,422,1048,819,568,460,394,313,89,920,750,76,859,816,436,317,519,358,835,590,669,108,742,74,201,792,329,545,588,816,0,862,189,449,924,551,788,650,653,948,953,294,831,359,169,867,67,871,847,755,165
g30,464,426,436,331,407,656,791,847,356,283,815,382,159,519,610,517,626,479,272,568,817,292,798,1036,236,777,642,274,908,862,0,747,525,260,317,488,309,298,407,224,671,514,511,823,564,915,81,62,660,1013
g31,284,1001,800,500,378,448,425,251,874,694,212,687,733,266,334,339,395,654,487,690,247,689,121,296,726,435,594,478,906,189,747,0,448,857,460,605,496,501,911,875,107,829,240,308,873,204,742,744,794,284
g32,329,604,370,195,192,131,270,393,478,322,377,711,421,431,131,515,110,747,292,243,362,313,415,650,373,254,181,308,519,449,525,448,0,499,240,717,479,473,502,539,453,386,286,339,426,515,568,485,353,614
g33,599,173,232,359,479,615,761,883,104,177,860,640,139,683,620,711,609,734,384,424,851,186,872,1117,132,743,542,400,731,924,260,857,499,0,399,737,524,512,151,60,806,304,619,837,343,986,340,203,481,1087
g34,204,553,397,75,91,365,486,530,431,251,499,475,273,300,298,354,325,522,52,396,500,249,490,733,271,475,403,68,727,551,317,460,240,399,0,498,250,242,474,415,408,453,221,506,506,607,343,296,512,707
g35,416,909,852,571,524,820,898,824,821,682,783,139,607,356,711,268,765,50,459,893,806,686,714,883,664,895,894,436,1224,788,488,605,717,737,498,0,249,258,872,711,498,921,485,848,976,810,418,535,1008,882
g36,230,697,609,322,290,592,690,664,595,441,625,234,386,236,496,211,542,271,210,644,639,445,578,792,431,683,651,187,977,650,309,496,479,524,250,249,0,12,645,511,401,676,299,667,731,690,270,337,759,779
g37,231,685,598,313,285,587,687,665,583,430,626,239,374,242,493,221,538,279,201,635,640,433,581,797,420,680,644,178,969,653,298,501,473,512,242,258,12,0,633,499,407,665,300,667,720,693,261,326,749,783
g38,678,106,146,415,538,597,741,895,51,223,879,783,265,773,632,815,606,873,474,354,864,225,906,1148,215,721,491,495,616,948,407,911,502,151,474,872,645,633,0,205,876,192,685,838,215,1014,489,348,378,1114
g39,608,202,292,385,499,660,806,917,162,218,892,606,142,686,656,706,650,704,392,480,885,229,898,1143,166,788,594,406,791,953,224,875,539,60,415,711,511,499,205,0,818,364,635,875,403,1013,302,176,541,1114
g40,210,961,778,461,338,483,491,346,836,655,305,581,676,165,360,232,425,547,425,696,336,651,222,396,679,497,617,413,945,294,671,107,453,806,408,498,401,407,876,818,0,816,191,392,864,312,657,674,806,388
g41,643,291,77,379,487,451,586,767,210,243,757,857,354,746,515,807,474,933,474,179,736,237,801,1032,279,565,322,497,429,831,514,829,386,304,453,921,676,665,192,364,816,0,629,701,54,898,592,452,186,995
g42,71,770,587,269,147,353,414,365,645,464,326,524,493,150,234,242,294,525,247,520,340,460,290,524,490,412,464,239,801,359,511,240,286,619,221,485,299,300,685,635,191,629,0,370,678,406,513,504,635,503
g43,442,942,700,501,418,250,144,81,817,660,101,894,747,493,218,586,232,891,555,528,65,651,195,351,709,161,394,559,647,169,823,308,339,837,506,848,667,667,838,875,392,701,370,0,730,229,847,796,603,310
g44,694,305,128,432,538,480,609,799,243,297,792,911,405,797,553,860,508,987,528,202,769,291,840,1068,330,589,343,551,401,867,564,873,426,343,506,976,731,720,215,403,864,54,678,730,0,934,643,502,174,1029
g45,465,1113,886,628,517,460,373,148,985,813,143,889,875,467,384,543,425,859,645,736,172,806,117,134,854,390,611,641,876,67,915,204,515,986,607,810,690,693,1014,1013,312,898,406,229,934,0,920,902,821,101
g46,458,504,515,373,429,699,828,864,438,356,830,305,238,497,641,481,665,406,293,636,835,365,803,1035,314,816,699,288,979,871,81,742,568,340,343,418,270,261,489,302,657,592,513,847,643,920,0,142,732,1016
g47,464,374,374,296,387,615,754,825,296,223,795,437,97,530,579,539,590,531,258,511,794,233,785,1026,175,739,591,265,850,847,62,744,485,203,296,535,337,326,348,176,674,452,504,796,502,902,142,0,600,1002
g48,668,475,249,437,513,361,469,678,394,376,678,966,503,772,460,849,403,1028,548,117,650,367,740,951,426,449,209,571,251,755,660,794,353,481,512,1008,759,749,378,541,806,186,635,603,174,821,732,600,0,911
g49,559,1213,985,729,617,552,452,232,1085,914,238,970,976,550,483,619,521,932,744,830,261,907,217,43,955,471,702,740,950,165,1013,284,614,1087,707,882,779,783,1114,1114,388,995,503,310,1029,101,1016,1002,911,0
