Fahrtkosten,g0,g1,g2,g3,g4,g5,g6,g7,g8,g9,g10,g11,g12,g13,g14,g15,g16,g17,g18,g19,g20,g21,g22,g23,g24,g25,g26,g27,g28,g29,g30,g31,g32,g33,g34,g35,g36,g37,g38,g39,g40,g41,g42,g43,g44,g45,g46,g47,g48,g49,g50,g51,g52,g53,g54,g55,g56,g57,g58,g59,g60,g61,g62,g63,g64,g65,g66,g67,g68,g69,g70,g71,g72,g73,g74,g75,g76,g77,g78,g79,g80,g81,g82,g83,g84,g85,g86,g87,g88,g89,g90,g91,g92,g93,g94,g95,g96,g97,g98,g99
g0,0,654,241,498,356,297,439,563,222,391,193,143,588,529,221,249,717,474,149,269,870,362,635,688,637,120,116,387,47,592,230,85,424,680,232,584,499,228,428,560,390,140,219,309,679,298,260,552,313,433,446,418,365,171,619,405,285,319,454,757,835,635,416,451,240,804,470,182,551,164,733,683,540,380,707,479,610,329,349,330,603,294,797,427,159,541,365,367,449,353,266,352,767,305,94,765,506,657,574,478
g1,654,0,853,492,853,476,1081,221,599,301,847,654,422,206,846,890,916,887,636,808,912,1008,209,63,61,692,753,990,696,617,428,620,235,912,439,431,956,828,781,1011,1041,713,851,938,806,877,903,739,428,221,534,254,832,651,791,854,739,973,877,771,929,1223,896,204,511,894,299,527,181,697,620,33,1108,810,950,1108,386,662,806,619,296,360,935,827,753,1165,697,819,1073,812,630,1005,716,583,705,846,682,716,133,1106
g2,241,853,0,737,488,538,370,793,279,561,159,201,829,755,29,75,906,623,220,403,1083,300,864,895,825,161,236,408,228,824,428,321,638,865,465,825,620,30,330,673,297,139,47,88,889,73,88,762,553,635,683,601,513,387,825,552,466,201,299,980,1040,627,542,658,356,1012,706,423,775,161,970,878,568,251,886,434,850,542,507,554,840,502,995,298,100,495,318,227,420,215,486,258,997,535,274,977,724,880,752,436
g3,498,492,737,0,465,205,787,275,624,486,640,603,124,287,715,731,424,443,596,465,459,734,319,475,526,607,527,653,510,138,421,416,344,419,319,114,520,727,866,565,778,630,709,795,318,796,738,248,212,392,70,453,432,366,298,436,370,752,923,318,457,838,485,375,563,421,201,319,311,641,239,525,720,845,457,786,167,261,409,222,229,376,452,885,656,828,782,839,749,826,279,756,296,217,476,373,195,238,526,781
g4,356,853,488,465,0,377,347,680,578,673,332,496,589,667,459,437,436,135,504,89,639,319,745,863,859,459,268,200,320,471,513,306,626,391,437,580,143,497,770,204,365,471,442,496,452,562,434,341,425,658,395,678,38,225,386,66,114,384,774,571,584,378,59,662,584,562,576,346,694,505,629,886,260,709,406,330,630,207,56,250,672,541,531,758,467,366,717,690,294,676,223,360,615,277,263,538,334,480,819,325
g5,297,476,538,205,377,0,643,311,423,347,458,398,291,292,518,539,533,418,391,340,630,579,380,486,486,402,345,530,316,320,235,220,256,511,126,286,483,526,665,540,620,426,513,602,457,594,548,343,48,295,168,332,355,197,411,378,263,577,719,499,612,751,419,293,370,577,206,115,319,436,444,509,635,640,546,657,316,191,330,151,325,213,590,681,453,709,582,634,620,621,153,592,492,110,292,531,284,405,455,653
g6,439,1081,370,787,347,643,0,952,610,830,259,514,906,927,350,295,763,456,532,321,978,78,1022,1107,1070,463,329,150,392,814,667,460,846,716,642,898,408,397,700,435,75,456,332,314,796,426,282,689,681,863,717,855,385,445,731,406,418,169,657,918,918,264,366,877,662,900,848,558,953,493,973,1111,243,619,722,68,941,527,400,564,966,725,860,664,425,125,686,595,75,583,511,112,963,574,375,880,680,828,1011,73
g7,563,221,793,275,680,311,952,0,588,336,747,611,203,45,779,812,696,693,596,651,694,885,71,201,263,636,640,841,596,396,376,505,181,694,331,211,766,773,811,817,924,660,779,870,585,834,823,523,270,215,323,285,654,506,572,669,569,872,892,552,708,1058,715,186,504,673,105,398,48,655,408,252,940,817,731,968,172,477,628,433,88,302,714,845,696,1020,722,820,931,810,459,893,501,403,587,625,468,495,285,964
g8,222,599,279,624,578,423,610,588,0,298,351,95,682,544,283,338,916,694,80,491,1046,531,652,649,563,146,326,592,262,743,216,284,411,883,305,680,722,250,242,783,546,154,296,367,862,284,353,738,412,395,591,346,586,378,807,625,502,455,307,920,1020,837,638,422,88,987,522,323,558,120,862,620,751,230,913,662,689,524,569,513,653,286,989,264,190,726,160,232,638,222,457,504,915,477,316,944,686,823,486,663
g9,391,301,561,486,673,347,830,336,298,0,579,360,491,291,557,605,876,748,341,605,946,753,388,353,265,403,503,765,437,624,166,385,160,857,241,494,802,534,489,863,780,422,565,648,790,579,619,686,305,120,488,52,663,448,752,695,565,702,580,805,939,1011,727,149,210,903,312,328,295,401,699,322,906,511,893,868,481,527,639,494,418,136,925,531,462,930,402,519,837,512,471,741,776,451,463,855,626,722,191,867
g10,193,847,159,640,332,458,259,747,351,579,0,255,746,716,130,106,758,468,272,250,945,181,819,880,830,204,114,257,152,708,422,242,616,716,419,740,461,174,474,514,201,200,112,169,751,232,106,627,485,626,579,609,359,274,686,397,325,126,456,851,898,492,384,643,403,871,650,351,739,237,861,876,419,400,734,311,773,414,356,435,779,487,849,449,174,375,443,378,288,365,369,161,877,426,166,839,595,752,765,312
g11,143,654,201,603,496,398,514,611,95,360,255,0,677,571,199,251,857,617,19,407,1003,436,680,698,624,51,236,497,175,712,236,220,445,822,297,674,639,174,286,699,451,63,209,289,814,225,266,688,399,438,561,401,507,312,756,547,429,362,322,883,971,741,556,462,157,939,533,287,588,44,843,678,657,245,849,566,691,467,492,463,667,311,935,289,103,630,222,237,542,223,402,410,886,432,233,898,639,784,551,567
g12,588,422,829,124,589,291,906,203,682,491,746,677,0,232,809,830,507,565,667,586,491,850,224,392,466,688,632,775,607,203,468,511,334,512,380,10,643,816,921,685,894,712,805,894,391,883,838,351,278,380,194,449,556,475,388,560,491,861,988,349,507,962,609,356,610,472,178,406,249,718,211,452,844,910,549,908,46,384,533,343,129,408,516,946,742,951,834,907,870,895,395,870,299,332,580,424,307,297,484,903
g13,529,206,755,287,667,292,927,45,544,291,716,571,232,0,742,777,711,689,556,632,722,859,109,199,240,597,610,821,563,416,335,475,136,706,297,239,760,735,766,813,896,621,743,834,603,794,789,533,248,170,328,240,642,483,585,660,554,841,848,579,732,1043,704,142,460,697,94,369,27,615,442,239,926,773,744,946,207,468,616,423,130,260,735,801,658,999,678,777,909,767,444,864,532,390,558,648,476,516,251,942
g14,221,846,29,715,459,518,350,779,283,557,130,199,809,742,0,57,877,594,218,374,1055,277,850,887,819,154,208,381,204,799,419,299,627,836,449,804,591,48,354,644,278,135,19,92,861,103,72,735,534,626,659,596,483,361,797,523,438,182,327,953,1012,603,513,648,356,984,689,403,763,163,946,871,541,276,857,412,831,515,478,528,823,492,966,323,96,474,336,253,396,240,460,238,972,511,248,949,697,853,748,414
g15,249,890,75,731,437,539,295,812,338,605,106,251,830,777,57,0,864,572,270,356,1050,225,884,929,866,203,208,338,223,806,461,319,667,822,481,825,563,102,406,613,222,187,42,65,856,138,15,731,560,669,672,642,464,368,791,502,430,126,371,954,1004,552,487,690,409,977,720,427,799,218,957,916,496,326,840,358,855,516,462,533,852,533,955,372,149,419,392,302,345,290,466,182,977,520,255,944,698,855,796,361
g16,717,916,906,424,436,533,763,696,916,876,758,857,507,711,877,864,0,308,859,508,224,749,731,895,950,836,671,614,700,304,763,637,755,46,655,497,358,910,1143,351,795,854,863,927,120,979,864,190,571,802,395,854,403,545,127,369,441,820,1169,234,157,672,400,789,885,147,624,599,735,881,388,948,576,1096,58,726,552,391,403,405,636,746,97,1144,862,737,1073,1083,696,1068,458,794,311,445,643,150,250,217,947,719
g17,474,887,623,443,135,418,456,693,694,748,468,617,565,689,594,572,308,0,624,221,521,441,751,888,903,584,398,307,444,409,598,412,674,262,507,555,78,632,897,124,487,598,578,632,344,697,570,255,467,713,378,744,112,320,282,71,193,515,906,472,462,412,92,711,688,443,594,423,716,631,560,921,299,839,272,424,610,227,125,268,668,611,404,888,597,445,839,822,392,807,276,487,527,308,385,425,270,393,873,418
g18,149,636,220,596,504,391,532,596,80,341,272,19,667,556,218,270,859,624,0,416,1001,453,665,681,605,69,248,512,185,707,221,221,429,824,286,664,648,193,285,708,469,83,228,308,813,242,285,687,389,421,556,383,514,315,756,554,434,381,327,880,970,757,564,446,138,938,520,282,573,60,836,660,671,249,852,583,679,468,498,462,654,296,936,292,122,647,216,243,558,230,402,429,881,429,241,897,637,781,532,584
g19,269,808,403,465,89,340,321,651,491,605,250,407,586,632,374,356,508,221,416,0,701,275,719,823,808,370,179,191,232,497,442,227,575,465,377,577,232,411,681,292,321,381,358,418,509,477,356,389,384,603,396,615,109,159,443,149,97,320,686,618,651,415,148,610,501,626,546,285,659,415,656,840,303,619,483,322,623,206,105,243,654,477,600,669,377,370,628,602,285,587,194,307,654,256,175,597,368,523,762,318
g20,870,912,1083,459,639,630,978,694,1046,946,945,1003,491,722,1055,1050,224,521,1001,701,0,958,707,877,958,990,846,828,863,321,865,786,802,269,756,483,578,1082,1285,575,1004,1011,1043,1114,193,1153,1051,320,656,850,465,913,603,701,258,575,619,1020,1324,143,71,896,612,831,1000,78,651,722,740,1033,300,941,799,1248,278,945,526,543,598,540,616,830,133,1293,1026,959,1207,1237,913,1223,604,1000,200,571,810,106,364,226,972,938
g21,362,1008,300,734,319,579,78,885,531,753,181,436,850,859,277,225,749,441,453,275,958,0,956,1035,995,385,254,144,316,772,591,388,773,704,570,843,405,325,630,442,46,379,258,253,771,360,213,657,615,789,666,779,356,382,705,383,372,105,593,888,902,327,349,803,583,881,783,489,884,416,931,1038,281,551,713,134,884,479,365,512,904,650,846,597,349,197,612,527,120,515,455,53,927,518,303,857,642,795,935,136
g22,635,209,864,319,745,380,1022,71,652,388,819,680,224,109,850,884,731,751,665,719,707,956,0,170,262,706,711,910,668,426,444,577,241,732,402,234,826,843,871,875,995,730,851,941,615,903,895,566,341,268,375,336,717,576,609,731,635,944,955,568,728,1123,777,239,567,694,174,469,94,724,412,234,1005,881,770,1037,183,540,692,495,94,369,740,907,766,1089,782,885,1001,875,526,965,509,468,659,647,514,522,303,1034
g23,688,63,895,475,863,486,1107,201,649,353,880,698,392,199,887,929,895,888,681,823,877,1035,170,0,124,734,782,1010,728,592,467,648,263,894,465,402,959,871,838,1012,1070,756,891,979,782,923,941,724,439,260,524,303,840,670,772,859,750,1007,932,738,898,1237,903,238,560,863,294,549,171,741,581,72,1121,864,932,1131,353,666,814,622,263,395,908,882,795,1186,752,872,1095,865,639,1036,678,588,732,816,669,690,195,1128
g24,637,61,825,526,859,486,1070,263,563,265,830,624,466,240,819,866,950,903,605,808,958,995,262,124,0,665,741,987,681,656,407,611,233,943,434,474,969,799,734,1026,1026,685,826,911,843,844,879,769,437,207,562,223,841,650,824,865,746,955,831,815,971,1224,905,198,475,936,327,524,218,666,669,62,1111,766,981,1101,433,676,815,634,344,344,975,780,725,1159,650,777,1067,771,638,990,763,595,695,887,711,756,80,1098
g25,120,692,161,607,459,402,463,636,146,403,204,51,688,597,154,203,836,584,69,370,990,385,706,734,665,0,194,449,140,708,268,204,477,799,313,684,602,137,313,661,400,24,162,246,799,198,218,672,409,474,560,441,473,291,739,514,401,311,334,875,956,692,518,497,206,924,553,287,616,46,844,718,609,260,825,515,705,449,459,450,687,342,917,308,60,579,258,247,491,233,386,359,883,423,199,885,626,776,594,516
g26,116,753,236,527,268,345,329,640,326,503,114,236,632,610,208,208,671,398,248,179,846,254,711,782,741,194,0,271,69,597,339,135,519,630,317,626,409,239,502,468,287,203,196,274,652,308,213,526,374,534,465,526,286,161,588,326,230,233,507,746,803,519,326,549,355,775,540,242,635,238,749,783,426,440,652,365,660,308,276,325,667,396,758,490,199,426,452,423,333,409,257,254,768,313,53,740,490,647,682,363
g27,387,990,408,653,200,530,150,841,592,765,257,497,775,821,381,338,614,307,512,191,828,144,910,1010,987,449,271,0,340,670,599,380,755,568,552,767,263,428,731,298,185,450,362,381,646,477,330,540,573,779,583,783,238,339,581,256,284,239,708,768,769,248,216,789,626,750,736,463,848,488,829,1022,162,656,575,132,813,392,254,432,846,647,711,705,430,178,699,634,95,621,386,195,815,448,303,730,534,680,935,127
g28,47,696,228,510,320,316,392,596,262,437,152,175,607,563,204,223,700,444,185,232,863,316,668,728,681,140,69,340,0,595,275,96,464,662,266,602,464,221,453,524,345,155,198,286,670,293,232,542,338,475,455,463,333,161,608,373,261,279,470,754,824,588,380,492,286,794,500,204,587,186,741,725,494,398,686,431,632,319,319,327,631,336,783,446,163,494,396,383,401,369,260,309,769,307,59,757,500,654,619,431
g29,592,617,824,138,471,320,814,396,743,624,708,712,203,416,799,806,304,409,707,497,321,772,426,592,656,708,597,670,595,0,549,507,482,309,443,193,487,817,984,518,818,730,790,872,189,888,811,163,339,531,152,592,433,438,187,424,400,807,1034,182,319,821,473,513,689,283,336,424,438,746,159,648,705,956,346,801,247,296,416,272,332,510,319,999,752,835,903,949,765,935,339,802,175,288,552,234,140,100,661,796
g30,230,428,428,421,513,235,667,376,216,166,422,236,468,335,419,461,763,598,221,442,865,591,444,467,407,268,339,599,275,549,0,219,209,738,109,467,647,405,453,708,620,290,423,511,691,461,474,575,210,208,399,188,507,288,644,541,409,547,523,731,847,845,569,229,143,812,306,176,352,280,656,455,740,446,771,703,473,388,483,362,438,75,824,479,328,764,366,447,671,436,326,582,717,320,297,766,517,638,344,702
g31,85,620,321,416,306,220,460,505,284,385,242,220,511,475,299,319,637,412,221,227,786,388,577,648,611,204,135,380,96,507,219,0,385,603,182,506,447,311,506,509,423,225,294,382,596,382,328,468,243,403,362,402,307,94,536,346,218,366,538,672,752,625,365,416,278,721,407,109,499,246,649,651,521,462,631,490,536,247,288,246,536,267,715,508,244,549,437,451,456,437,182,390,682,219,84,681,422,572,555,487
g32,424,235,638,344,626,256,846,181,411,160,616,445,334,136,627,667,755,674,429,575,802,773,241,263,233,477,519,755,464,482,209,385,0,742,204,337,738,615,630,796,807,500,630,719,658,671,679,567,207,48,359,115,608,417,628,633,512,743,713,659,802,990,672,37,326,765,155,292,147,489,543,266,877,639,779,873,321,447,582,406,259,135,794,666,538,930,541,643,838,634,405,772,624,366,470,717,507,582,199,870
g33,680,912,865,419,391,511,716,694,883,857,716,822,512,706,836,822,46,262,824,465,269,704,732,894,943,799,630,568,662,309,738,603,742,0,631,501,311,869,1108,306,749,817,822,884,140,938,821,175,551,788,383,837,359,509,123,324,401,775,1132,265,203,627,354,777,856,192,616,570,731,844,410,944,530,1060,37,679,557,359,360,377,638,725,143,1107,824,691,1040,1045,649,1031,426,749,340,418,604,189,235,232,936,673
g34,232,439,465,319,437,126,642,331,305,241,419,297,380,297,449,481,655,507,286,377,756,570,402,465,434,313,317,552,266,443,109,182,204,631,0,378,562,447,547,622,605,337,449,539,582,511,492,467,107,226,292,241,424,217,535,455,326,545,608,624,738,791,488,236,245,703,241,91,320,339,557,470,680,530,665,668,393,288,400,257,375,105,715,568,370,726,463,527,634,515,230,571,613,215,267,657,409,530,385,666
g35,584,431,825,114,580,286,898,211,680,494,740,674,10,239,804,825,497,555,664,577,483,843,234,402,474,684,626,767,602,193,467,506,337,501,378,0,633,811,920,675,886,709,800,888,381,879,833,341,275,384,184,453,546,468,378,550,482,855,986,340,498,953,599,361,610,463,182,401,257,715,206,461,834,908,538,899,56,375,523,335,139,408,506,945,738,942,833,905,862,893,387,863,292,324,574,415,296,287,491,894
g36,499,956,620,520,143,483,408,766,722,802,461,639,643,760,591,563,358,78,648,232,578,405,826,959,969,602,409,263,464,487,647,447,738,311,562,633,0,632,912,62,448,613,574,618,410,694,558,330,531,775,454,801,140,361,351,106,237,490,912,541,515,336,83,775,725,500,666,474,788,647,636,990,226,848,314,368,687,293,163,337,744,667,455,898,607,381,860,830,339,815,334,455,599,374,406,487,348,466,936,361
g37,228,828,30,727,497,526,397,773,250,534,174,174,816,735,48,102,910,632,193,411,1082,325,843,871,799,137,239,428,221,817,405,311,615,869,447,811,632,0,306,686,325,115,67,117,888,71,116,761,538,611,674,576,520,382,825,560,469,229,282,976,1041,651,553,634,328,1012,688,410,754,133,961,852,589,228,891,460,835,539,513,549,822,480,997,276,77,521,290,205,444,192,482,285,991,528,271,976,721,876,725,462
g38,428,781,330,866,770,665,700,811,242,489,474,286,921,766,354,406,1143,897,285,681,1285,630,871,838,734,313,502,731,453,984,453,506,630,1108,547,920,912,306,0,970,626,299,373,393,1098,278,418,972,654,603,832,542,786,599,1041,826,713,531,104,1161,1255,957,829,632,311,1223,756,562,776,267,1105,796,893,83,1135,764,926,753,773,747,883,517,1221,56,307,825,88,109,750,118,687,588,1157,713,512,1181,922,1063,654,767
g39,560,1011,673,565,204,540,435,817,783,863,514,699,685,813,644,613,351,124,708,292,575,442,875,1012,1026,661,468,298,524,518,708,509,796,306,622,675,62,686,970,0,483,671,626,666,420,746,608,357,589,833,501,861,202,422,366,167,298,533,967,553,508,322,144,833,787,498,718,535,840,707,662,1045,225,905,301,387,730,349,224,392,791,727,446,955,664,390,920,886,362,872,393,493,617,430,467,490,383,486,994,381
g40,390,1041,297,778,365,620,75,924,546,780,201,451,894,896,278,222,795,487,469,321,1004,46,995,1070,1026,400,287,185,345,818,620,423,807,749,605,886,448,325,626,483,0,391,260,239,818,351,209,704,655,820,710,808,402,423,752,429,418,96,582,934,947,339,394,836,603,927,822,526,921,427,977,1070,309,545,758,143,927,525,412,557,945,682,891,589,358,200,614,520,140,509,499,41,974,562,338,903,688,841,964,147
g41,140,713,139,630,471,426,456,660,154,422,200,63,712,621,135,187,854,598,83,381,1011,379,730,756,685,24,203,450,155,730,290,225,500,817,337,709,613,115,299,671,391,0,145,226,820,174,202,692,433,496,583,462,486,311,759,527,417,300,315,897,975,690,530,519,221,945,577,311,640,38,868,738,612,242,842,511,729,469,474,471,711,365,936,291,39,574,251,228,488,214,406,350,905,444,214,905,647,797,613,512
g42,219,851,47,709,442,513,332,779,296,565,112,209,805,743,19,42,863,578,228,358,1043,258,851,891,826,162,196,362,198,790,423,294,630,822,449,800,574,67,373,626,260,145,0,90,849,119,57,723,532,631,652,602,468,352,785,507,425,165,346,943,999,584,496,653,366,971,689,399,764,175,938,877,522,295,842,393,828,504,463,518,822,496,953,342,106,455,354,272,377,259,451,220,962,502,238,937,687,843,756,395
g43,309,938,88,795,496,602,314,870,367,648,169,289,894,834,92,65,927,632,308,418,1114,253,941,979,911,246,274,381,286,872,511,382,719,884,539,888,618,117,393,666,239,226,90,0,921,115,62,796,622,719,737,688,525,434,856,562,494,148,343,1019,1067,578,545,741,445,1041,779,489,855,250,1022,964,533,310,901,381,917,581,524,599,912,585,1019,352,186,439,394,285,373,275,532,204,1043,586,321,1009,763,920,839,385
g44,679,806,889,318,452,457,796,585,862,790,751,814,391,603,861,856,120,344,813,509,193,771,615,782,843,799,652,646,670,189,691,596,658,140,582,381,410,888,1098,420,818,820,849,921,0,959,858,127,488,706,302,763,415,509,66,390,426,829,1134,132,157,742,430,691,822,125,519,539,626,842,270,837,637,1058,172,768,434,350,407,351,520,665,135,1104,833,789,1022,1047,735,1033,413,811,201,385,617,88,176,97,844,762
g45,298,877,73,796,562,594,426,834,284,579,232,225,883,794,103,138,979,697,242,477,1153,360,903,923,844,198,308,477,293,888,461,382,671,938,511,879,694,71,278,746,351,174,119,115,959,0,148,832,605,663,745,623,586,454,896,625,538,257,233,1047,1111,687,616,688,369,1082,751,479,813,181,1031,900,634,195,959,492,902,610,580,620,885,536,1066,238,141,551,283,170,481,160,553,314,1062,599,342,1047,792,947,769,495
g46,260,903,88,738,434,548,282,823,353,619,106,266,838,789,72,15,864,570,285,356,1051,213,895,941,879,218,213,330,232,811,474,328,679,821,492,833,558,116,418,608,209,202,57,62,858,148,0,733,570,682,678,656,463,374,793,500,432,112,381,957,1004,540,484,703,423,978,730,436,811,233,963,930,486,338,839,346,864,519,461,538,862,545,956,384,164,407,406,314,333,302,471,169,981,526,262,946,701,858,810,349
g47,552,739,762,248,341,343,689,523,738,686,627,688,351,533,735,731,190,255,687,389,320,657,566,724,769,672,526,540,542,163,575,468,567,175,467,341,330,761,972,357,704,692,723,796,127,832,733,0,380,613,208,664,303,381,69,285,302,709,1006,230,283,667,330,602,702,252,442,416,558,715,305,772,554,931,212,668,397,223,292,225,473,556,250,977,705,695,898,919,633,905,286,695,275,261,489,214,60,140,761,662
g48,313,428,553,212,425,48,681,270,412,305,485,399,278,248,534,560,571,467,389,384,656,615,341,439,437,409,374,573,338,339,210,243,207,551,107,275,531,538,654,589,655,433,532,622,488,605,570,380,0,247,190,288,404,236,447,427,311,607,714,521,642,797,468,244,351,606,167,133,274,439,450,461,681,636,587,698,297,239,378,199,294,176,623,674,463,751,570,632,662,619,201,625,507,158,321,559,320,429,407,695
g49,433,221,635,392,658,295,863,215,395,120,626,438,380,170,626,669,802,713,421,603,850,789,268,260,207,474,534,779,475,531,208,403,48,788,226,384,775,611,603,833,820,496,631,719,706,663,682,613,247,0,407,70,642,444,675,669,545,752,690,707,850,1018,706,29,307,814,202,318,175,482,590,249,906,618,825,893,365,485,616,446,298,138,842,642,535,951,515,624,859,615,440,784,672,405,487,765,553,631,161,890
g50,446,534,683,70,395,168,717,323,591,488,579,561,194,328,659,672,395,378,556,396,465,666,375,524,562,560,465,583,455,152,399,362,359,383,292,184,454,674,832,501,710,583,652,737,302,745,678,208,190,407,0,461,362,304,268,367,300,687,883,331,453,769,416,394,537,417,235,274,354,597,286,567,650,805,421,716,235,191,338,153,290,365,438,847,606,758,751,798,679,785,213,690,325,152,416,369,149,239,552,711
g51,418,254,601,453,678,332,855,285,346,52,609,401,449,240,596,642,854,744,383,615,913,779,336,303,223,441,526,783,463,592,188,402,115,837,241,453,801,576,542,861,808,462,602,688,763,623,656,664,288,70,461,0,665,456,728,695,567,734,632,771,910,1026,729,98,257,874,270,332,243,443,658,277,917,562,874,890,436,519,640,483,369,137,899,583,501,950,454,570,857,562,468,770,738,440,483,825,604,691,156,888
g52,365,832,513,432,38,355,385,654,586,663,359,507,556,642,483,464,403,112,514,109,603,356,717,840,841,473,286,238,333,433,507,307,608,359,424,546,140,520,786,202,402,486,468,525,415,586,463,303,404,642,362,665,0,220,349,40,98,417,794,533,550,408,64,644,585,527,550,335,670,519,592,865,289,726,375,368,597,177,25,221,643,529,497,775,485,402,729,709,332,695,202,396,577,251,274,501,296,442,803,362
g53,171,651,387,366,225,197,445,506,378,448,274,312,475,483,361,368,545,320,315,159,701,382,576,670,650,291,161,339,161,438,288,94,417,509,217,468,361,382,599,422,423,311,352,434,509,454,374,381,236,444,304,456,220,0,448,257,126,386,626,593,664,574,281,451,368,634,402,125,509,336,588,683,462,552,537,462,505,158,199,166,522,318,625,599,324,516,531,539,426,525,99,396,610,151,113,596,339,493,603,459
g54,619,791,825,298,386,411,731,572,807,752,686,756,388,585,797,791,127,282,756,443,258,705,609,772,824,739,588,581,608,187,644,536,628,123,535,378,351,825,1041,366,752,759,785,856,66,896,793,69,447,675,268,728,349,448,0,324,361,763,1074,190,216,685,366,662,771,186,497,486,610,783,302,823,577,999,160,704,434,289,341,294,515,623,181,1045,771,727,967,987,671,973,354,745,250,331,554,153,127,122,820,698
g55,405,854,552,436,66,378,406,669,625,695,397,547,560,660,523,502,369,71,554,149,575,383,731,859,865,514,326,256,373,424,541,346,633,324,455,550,106,560,826,167,429,527,507,562,390,625,500,285,427,669,367,695,40,257,324,0,131,450,834,511,519,402,49,670,623,497,567,367,688,560,581,887,284,767,339,383,602,192,58,236,653,560,464,816,525,411,769,750,348,735,228,426,560,270,315,474,285,425,830,377
g56,285,739,466,370,114,263,418,569,502,565,325,429,491,554,438,430,441,193,434,97,619,372,635,750,746,401,230,284,261,400,409,218,512,401,326,482,237,469,713,298,418,417,425,494,426,538,432,302,311,545,300,567,98,126,361,131,0,410,731,529,574,489,161,548,494,547,464,237,581,447,559,772,371,660,425,416,529,109,74,147,566,431,528,708,422,460,651,645,379,630,110,402,560,167,203,514,275,431,707,411
g57,319,973,201,752,384,577,169,872,455,702,126,362,861,841,182,126,820,515,381,320,1020,105,944,1007,955,311,233,239,279,807,547,366,743,775,545,855,490,229,531,533,96,300,165,148,829,257,112,709,607,752,687,734,417,386,763,450,410,0,489,938,967,430,424,770,517,944,773,475,865,335,964,1002,386,450,788,235,891,511,422,538,901,613,914,495,266,294,519,425,225,414,474,57,971,535,286,916,685,842,890,238
g58,454,877,299,923,774,719,657,892,307,580,456,322,988,848,327,371,1169,906,327,686,1324,593,955,932,831,334,507,708,470,1034,523,538,713,1132,608,986,912,282,104,967,582,315,346,343,1134,233,381,1006,714,690,883,632,794,626,1074,834,731,489,0,1206,1290,919,831,718,388,1259,830,610,860,291,1163,892,867,78,1156,724,996,784,784,783,960,593,1251,50,309,782,180,87,714,101,720,546,1209,754,528,1219,960,1107,751,727
g59,757,771,980,318,571,499,918,552,920,805,851,883,349,579,953,954,234,472,880,618,143,888,568,738,815,875,746,768,754,182,731,672,659,265,624,340,541,976,1161,553,934,897,943,1019,132,1047,957,230,521,707,331,771,533,593,190,511,529,938,1206,0,163,874,555,688,869,131,508,598,597,916,170,800,767,1129,291,893,385,438,522,427,475,692,191,1172,915,917,1081,1120,859,1106,494,925,78,452,705,92,256,100,829,887
g60,835,929,1040,457,584,612,918,708,1020,939,898,971,507,732,1012,1004,157,462,970,651,71,902,728,898,971,956,803,769,824,319,847,752,802,203,738,498,515,1041,1255,508,947,975,999,1067,157,1111,1004,283,642,850,453,910,550,664,216,519,574,967,1290,163,0,828,553,833,979,36,655,697,753,999,333,959,733,1215,209,883,545,506,546,508,635,818,63,1261,988,895,1180,1203,852,1189,570,945,236,543,770,84,334,219,980,876
g61,635,1223,627,838,378,751,264,1058,837,1011,492,741,962,1043,603,552,672,412,757,415,896,327,1123,1237,1224,692,519,248,588,821,845,625,990,627,791,953,336,651,957,322,339,690,584,578,742,687,540,667,797,1018,769,1026,408,574,685,402,489,430,919,874,828,0,353,1025,874,819,953,699,1070,729,972,1255,118,878,619,196,1005,585,432,629,1051,889,765,924,666,146,934,854,207,842,599,373,935,655,550,813,681,802,1176,192
g62,416,896,542,485,59,419,366,715,638,727,384,556,609,704,513,487,400,92,564,148,612,349,777,903,905,518,326,216,380,473,569,365,672,354,488,599,83,553,829,144,394,530,496,545,430,616,484,330,468,706,416,729,64,281,366,49,161,424,831,555,553,353,0,709,643,534,612,398,732,564,629,929,235,766,364,338,652,237,89,282,701,593,496,816,524,364,776,748,304,734,266,395,606,314,323,514,333,470,868,332
g63,451,204,658,375,662,293,877,186,422,149,643,462,356,142,648,690,789,711,446,610,831,803,239,238,198,497,549,789,492,513,229,416,37,777,236,361,775,634,632,833,836,519,653,741,691,688,703,602,244,29,394,98,644,451,662,670,548,770,718,688,833,1025,709,0,334,797,180,326,145,506,567,234,913,646,814,905,340,484,619,443,270,157,826,670,558,963,544,651,870,643,442,801,650,403,501,748,542,613,162,902
g64,240,511,356,563,584,370,662,504,88,210,403,157,610,460,356,409,885,688,138,501,1000,583,567,560,475,206,355,626,286,689,143,278,326,856,245,610,725,328,311,787,603,221,366,445,822,369,423,702,351,307,537,257,585,368,771,623,494,517,388,869,979,874,643,334,0,945,444,286,473,195,799,532,780,313,888,710,614,498,565,480,573,206,952,342,260,773,223,317,682,308,432,563,858,440,331,900,646,775,400,709
g65,804,894,1012,421,562,577,900,673,987,903,871,939,472,697,984,977,147,443,938,626,78,881,694,863,936,924,775,750,794,283,812,721,765,192,703,463,500,1012,1223,498,927,945,971,1041,125,1082,978,252,606,814,417,874,527,634,186,497,547,944,1259,131,36,819,534,797,945,0,619,663,717,968,302,924,722,1183,203,867,510,475,522,476,600,783,67,1229,958,881,1147,1172,835,1158,538,923,207,509,740,48,301,183,944,860
g66,470,299,706,201,576,206,848,105,522,312,650,533,178,94,689,720,624,594,520,546,651,783,174,294,327,553,540,736,500,336,306,407,155,616,241,182,666,688,756,718,822,577,689,779,519,751,730,442,167,202,235,270,550,402,497,567,464,773,830,508,655,953,612,180,444,619,0,298,122,576,388,332,836,753,654,863,172,374,524,330,134,238,653,785,611,915,668,753,827,742,354,792,469,299,487,571,384,437,325,860
g67,182,527,423,319,346,115,558,398,323,328,351,287,406,369,403,427,599,423,282,285,722,489,469,549,524,287,242,463,204,424,176,109,292,570,91,401,474,410,562,535,526,311,399,489,539,479,436,416,133,318,274,332,335,125,486,367,237,475,610,598,697,699,398,326,286,663,298,0,395,323,557,559,588,532,602,581,428,214,311,193,427,194,667,574,338,638,484,524,546,511,150,495,599,155,189,620,362,500,477,578
g68,551,181,775,311,694,319,953,48,558,295,739,588,249,27,763,799,735,716,573,659,740,884,94,171,218,616,635,848,587,438,352,499,147,731,320,257,788,754,776,840,921,640,764,855,626,813,811,558,274,175,354,243,670,509,610,688,581,865,860,597,753,1070,732,145,473,717,122,395,0,632,456,213,953,786,768,972,220,495,644,451,137,277,757,813,677,1026,688,790,936,781,471,889,548,418,583,669,502,538,237,969
g69,164,697,161,641,505,436,493,655,120,401,237,44,718,615,163,218,881,631,60,415,1033,416,724,741,666,46,238,488,186,746,280,246,489,844,339,715,647,133,267,707,427,38,175,250,842,181,233,715,439,482,597,443,519,336,783,560,447,335,291,916,999,729,564,506,195,968,576,323,632,0,880,720,650,216,870,548,732,493,506,492,710,355,961,263,69,612,214,204,526,190,429,386,921,463,245,928,668,816,592,550
g70,733,620,970,239,629,444,973,408,862,699,861,843,211,442,946,957,388,560,836,656,300,931,412,581,669,844,749,829,741,159,656,649,543,410,557,206,636,961,1105,662,977,868,938,1022,270,1031,963,305,450,590,286,658,592,588,302,581,559,964,1163,170,333,972,629,567,799,302,388,557,456,880,0,647,858,1084,442,960,236,453,574,426,324,604,361,1124,892,993,1020,1079,924,1066,492,960,99,436,701,261,296,180,693,954
g71,683,33,878,525,886,509,1111,252,620,322,876,678,452,239,871,916,948,921,660,840,941,1038,234,72,62,718,783,1022,725,648,455,651,266,944,470,461,990,852,796,1045,1070,738,877,964,837,900,930,772,461,249,567,277,865,683,823,887,772,1002,892,800,959,1255,929,234,532,924,332,559,213,720,647,0,1141,827,982,1139,415,696,839,653,324,388,966,842,778,1197,712,837,1104,831,663,1034,743,616,735,876,715,747,142,1137
g72,540,1108,568,720,260,635,243,940,751,906,419,657,844,926,541,496,576,299,671,303,799,281,1005,1121,1111,609,426,162,494,705,740,521,877,530,680,834,226,589,893,225,309,612,522,533,637,634,486,554,681,906,650,917,289,462,577,284,371,386,867,767,733,118,235,913,780,722,836,588,953,650,858,1141,0,817,526,181,886,466,314,510,932,780,671,865,592,168,861,794,169,781,482,333,826,537,450,712,565,692,1065,175
g73,380,810,251,845,709,640,619,817,230,511,400,245,910,773,276,326,1096,839,249,619,1248,551,881,864,766,260,440,656,398,956,446,462,639,1060,530,908,848,228,83,905,545,242,295,310,1058,195,338,931,636,618,805,562,726,552,999,767,660,450,78,1129,1215,878,766,646,313,1183,753,532,786,216,1084,827,817,0,1085,684,919,709,715,707,884,516,1177,49,242,744,122,25,671,36,645,507,1131,677,457,1143,883,1030,687,687
g74,707,950,886,457,406,546,722,731,913,893,734,849,549,744,857,840,58,272,852,483,278,713,770,932,981,825,652,575,686,346,771,631,779,37,665,538,314,891,1135,301,758,842,842,901,172,959,839,212,587,825,421,874,375,537,160,339,425,788,1156,291,209,619,364,814,888,203,654,602,768,870,442,982,526,1085,0,682,594,390,379,409,676,760,146,1133,847,690,1068,1070,653,1056,456,759,368,451,628,209,272,267,973,675
g75,479,1108,434,786,330,657,68,968,662,868,311,566,908,946,412,358,726,424,583,322,945,134,1037,1131,1101,515,365,132,431,801,703,490,873,679,668,899,368,460,764,387,143,511,393,381,768,492,346,668,698,893,716,890,368,462,704,383,416,235,724,893,883,196,338,905,710,867,863,581,972,548,960,1139,181,684,682,0,945,524,386,564,976,757,823,730,482,63,747,660,37,648,516,178,943,579,406,850,664,808,1045,6
g76,610,386,850,167,630,316,941,172,689,481,773,691,46,207,831,855,552,610,679,623,526,884,183,353,433,705,660,813,632,247,473,536,321,557,393,56,687,835,926,730,927,729,828,917,434,902,864,397,297,365,235,436,597,505,434,602,529,891,996,385,545,1005,652,340,614,510,172,428,220,732,236,415,886,919,594,945,0,423,574,382,90,409,557,953,760,990,838,918,908,906,430,902,329,367,607,463,352,339,457,941
g77,329,662,542,261,207,191,527,477,524,527,414,467,384,468,515,516,391,227,468,206,543,479,540,666,676,449,308,392,319,296,388,247,447,359,288,375,293,539,753,349,525,469,504,581,350,610,519,223,239,485,191,519,177,158,289,192,109,511,784,438,506,585,237,484,498,475,374,214,495,493,453,696,466,709,390,524,423,0,152,44,466,390,468,756,482,567,682,697,487,683,66,507,462,80,267,437,182,339,646,519
g78,349,806,507,409,56,330,400,628,569,639,356,492,533,616,478,462,403,125,498,105,598,365,692,814,815,459,276,254,319,416,483,288,582,360,400,523,163,513,773,224,412,474,463,524,407,580,461,292,378,616,338,640,25,199,341,58,74,422,784,522,546,432,89,619,565,522,524,311,644,506,574,839,314,715,379,386,574,152,0,196,618,504,495,764,474,422,714,699,349,684,177,404,563,225,260,494,280,429,778,380
g79,330,619,554,222,250,151,564,433,513,494,435,463,343,423,528,533,405,268,462,243,540,512,495,622,634,450,325,432,327,272,362,246,406,377,257,335,337,549,747,392,557,471,518,599,351,620,538,225,199,446,153,483,221,166,294,236,147,538,783,427,508,629,282,443,480,476,330,193,451,492,426,653,510,707,409,564,382,44,196,0,422,358,475,753,488,608,672,697,526,683,67,538,444,43,280,435,176,327,606,559
g80,603,296,840,229,672,325,966,88,653,418,779,667,129,130,823,852,636,668,654,654,616,904,94,263,344,687,667,846,631,332,438,536,259,638,375,139,744,822,883,791,945,711,822,912,520,885,862,473,294,298,290,369,643,522,515,653,566,901,960,475,635,1051,701,270,573,600,134,427,137,710,324,324,932,884,676,976,90,466,618,422,0,367,645,915,745,1025,794,885,939,874,460,917,419,399,614,552,423,427,372,972
g81,294,360,502,376,541,213,725,302,286,136,487,311,408,260,492,533,746,611,296,477,830,650,369,395,344,342,396,647,336,510,75,267,135,725,105,408,667,480,517,727,682,365,496,585,665,536,545,556,176,138,365,137,529,318,623,560,431,613,593,692,818,889,593,157,206,783,238,194,277,355,604,388,780,516,760,757,409,390,504,358,367,0,800,547,403,816,429,518,724,508,335,646,671,315,350,735,496,604,288,755
g82,797,935,995,452,531,590,860,714,989,925,849,935,516,735,966,955,97,404,936,600,133,846,740,908,975,917,758,711,783,319,824,715,794,143,715,506,455,997,1221,446,891,936,953,1019,135,1066,956,250,623,842,438,899,497,625,181,464,528,914,1251,191,63,765,496,826,952,67,653,667,757,961,361,966,671,1177,146,823,557,468,495,475,645,800,0,1224,946,834,1148,1164,793,1150,533,890,269,512,727,99,306,219,978,816
g83,427,827,298,885,758,681,664,845,264,531,449,289,946,801,323,372,1144,888,292,669,1293,597,907,882,780,308,490,705,446,999,479,508,666,1107,568,945,898,276,56,955,589,291,342,352,1104,238,384,977,674,642,847,583,775,599,1045,816,708,495,50,1172,1261,924,816,670,342,1229,785,574,813,263,1124,842,865,49,1133,730,953,756,764,753,915,547,1224,0,291,789,130,70,717,83,691,552,1173,722,505,1188,929,1074,701,733
g84,159,753,100,656,467,453,425,696,190,462,174,103,742,658,96,149,862,597,122,377,1026,349,766,795,725,60,199,430,163,752,328,244,538,824,370,738,607,77,307,664,358,39,106,186,833,141,164,705,463,535,606,501,485,324,771,525,422,266,309,915,988,666,524,558,260,958,611,338,677,69,892,778,592,242,847,482,760,482,474,488,745,403,946,291,0,546,269,224,461,209,422,317,926,464,219,920,663,815,653,484
g85,541,1165,495,828,366,709,125,1020,726,930,375,630,951,999,474,419,737,445,647,370,959,197,1089,1186,1159,579,426,178,494,835,764,549,930,691,726,942,381,521,825,390,200,574,455,439,789,551,407,695,751,951,758,950,402,516,727,411,460,294,782,917,895,146,364,963,773,881,915,638,1026,612,993,1197,168,744,690,63,990,567,422,608,1025,816,834,789,546,0,809,720,93,708,564,237,970,626,467,868,696,835,1105,63
g86,365,697,318,782,717,582,686,722,160,402,443,222,834,678,336,392,1073,839,216,628,1207,612,782,752,650,258,452,699,396,903,366,437,541,1040,463,833,860,290,88,920,614,251,354,394,1022,283,406,898,570,515,751,454,729,531,967,769,651,519,180,1081,1180,934,776,544,223,1147,668,484,688,214,1020,712,861,122,1068,747,838,682,714,672,794,429,1148,130,269,809,0,140,728,141,615,574,1075,637,454,1104,846,984,571,748
g87,367,819,227,839,690,634,595,820,232,519,378,237,907,777,253,302,1083,822,243,602,1237,527,885,872,777,247,423,634,383,949,447,451,643,1045,527,905,830,205,109,886,520,228,272,285,1047,170,314,919,632,624,798,570,709,539,987,750,645,425,87,1120,1203,854,748,651,317,1172,753,524,790,204,1079,837,794,25,1070,660,918,697,699,697,885,518,1164,70,224,720,140,0,647,14,633,482,1124,667,441,1132,873,1020,698,663
g88,449,1073,420,749,294,620,75,931,638,837,288,542,870,909,396,345,696,392,558,285,913,120,1001,1095,1067,491,333,95,401,765,671,456,838,649,634,862,339,444,750,362,140,488,377,373,735,481,333,633,662,859,679,857,332,426,671,348,379,225,714,859,852,207,304,870,682,835,827,546,936,526,924,1104,169,671,653,37,908,487,349,526,939,724,793,717,461,93,728,647,0,635,479,170,908,541,374,817,628,773,1012,33
g89,353,812,215,826,676,621,583,810,222,512,365,223,895,767,240,290,1068,807,230,587,1223,515,875,865,771,233,409,621,369,935,436,437,634,1031,515,893,815,192,118,872,509,214,259,275,1033,160,302,905,619,615,785,562,695,525,973,735,630,414,101,1106,1189,842,734,643,308,1158,742,511,781,190,1066,831,781,36,1056,648,906,683,684,683,874,508,1150,83,209,708,141,14,635,0,619,471,1110,654,427,1118,859,1007,692,651
g90,266,630,486,279,223,153,511,459,457,471,369,402,395,444,460,466,458,276,402,194,604,455,526,639,638,386,257,386,260,339,326,182,405,426,230,387,334,482,687,393,499,406,451,532,413,553,471,286,201,440,213,468,202,99,354,228,110,474,720,494,570,599,266,442,432,538,354,150,471,429,492,663,482,645,456,516,430,66,177,67,460,335,533,691,422,564,615,633,479,619,0,477,511,63,212,499,241,394,602,512
g91,352,1005,258,756,360,592,112,893,504,741,161,410,870,864,238,182,794,487,429,307,1000,53,965,1036,990,359,254,195,309,802,582,390,772,749,571,863,455,285,588,493,41,350,220,204,811,314,169,695,625,784,690,770,396,396,745,426,402,57,546,925,945,373,395,801,563,923,792,495,889,386,960,1034,333,507,759,178,902,507,404,538,917,646,890,552,317,237,574,482,170,471,477,0,962,539,306,898,676,830,926,181
g92,767,716,997,296,615,492,963,501,915,776,877,886,299,532,972,977,311,527,881,654,200,927,509,678,763,883,768,815,769,175,717,682,624,340,613,292,599,991,1157,617,974,905,962,1043,201,1062,981,275,507,672,325,738,577,610,250,560,560,971,1209,78,236,935,606,650,858,207,469,599,548,921,99,743,826,1131,368,943,329,462,563,444,419,671,269,1173,926,970,1075,1124,908,1110,511,962,0,462,724,171,286,135,783,937
g93,305,583,535,217,277,110,574,403,477,451,426,432,332,390,511,520,445,308,429,256,571,518,468,588,595,423,313,448,307,288,320,219,366,418,215,324,374,528,713,430,562,444,502,586,385,599,526,261,158,405,152,440,251,151,331,270,167,535,754,452,543,655,314,403,440,509,299,155,418,463,436,616,537,677,451,579,367,80,225,43,399,315,512,722,464,626,637,667,541,654,63,539,462,0,265,467,208,353,565,574
g94,94,705,274,476,263,292,375,587,316,463,166,233,580,558,248,255,643,385,241,175,810,303,659,732,695,199,53,303,59,552,297,84,470,604,267,574,406,271,512,467,338,214,238,321,617,342,262,489,321,487,416,483,274,113,554,315,203,286,528,705,770,550,323,501,331,740,487,189,583,245,701,735,450,457,628,406,607,267,260,280,614,350,727,505,219,467,454,441,374,427,212,306,724,265,0,704,450,605,638,405
g95,765,846,977,373,538,531,880,625,944,855,839,898,424,648,949,944,150,425,897,597,106,857,647,816,887,885,740,730,757,234,766,681,717,189,657,415,487,976,1181,490,903,905,937,1009,88,1047,946,214,559,765,369,825,501,596,153,474,514,916,1219,92,84,813,514,748,900,48,571,620,669,928,261,876,712,1143,209,850,463,437,494,435,552,735,99,1188,920,868,1104,1132,817,1118,499,898,171,467,704,0,259,134,895,843
g96,506,682,724,195,334,284,680,468,686,626,595,639,307,476,697,698,250,270,637,368,364,642,514,669,711,626,490,534,500,140,517,422,507,235,409,296,348,721,922,383,688,647,687,763,176,792,701,60,320,553,149,604,296,339,127,285,275,685,960,256,334,681,333,542,646,301,384,362,502,668,296,715,565,883,272,664,352,182,280,176,423,496,306,929,663,696,846,873,628,859,241,676,286,208,450,259,0,157,701,658
g97,657,716,880,238,480,405,828,495,823,722,752,784,297,516,853,855,217,393,781,523,226,795,522,690,756,776,647,680,654,100,638,572,582,232,530,287,466,876,1063,486,841,797,843,920,97,947,858,140,429,631,239,691,442,493,122,425,431,842,1107,100,219,802,470,613,775,183,437,500,538,816,180,747,692,1030,267,808,339,339,429,327,427,604,219,1074,815,835,984,1020,773,1007,394,830,135,353,605,134,157,0,762,802
