Fahrtkosten,g0,g1,g2,g3,g4,g5,g6,g7,g8,g9,g10,g11,g12,g13,g14,g15,g16,g17,g18,g19,g20,g21,g22,g23,g24,g25,g26,g27,g28,g29,g30,g31,g32,g33,g34,g35,g36,g37,g38,g39,g40,g41,g42,g43,g44,g45,g46,g47,g48,g49,g50,g51,g52,g53,g54,g55,g56,g57,g58,g59,g60,g61,g62,g63,g64,g65,g66,g67,g68,g69,g70,g71,g72,g73,g74,g75,g76,g77,g78,g79,g80,g81,g82,g83,g84,g85,g86,g87,g88,g89,g90,g91,g92,g93,g94,g95,g96,g97,g98,g99,g100,g101,g102,g103,g104,g105,g106,g107,g108,g109,g110,g111,g112,g113,g114,g115,g116,g117,g118,g119,g120,g121,g122,g123,g124,g125,g126,g127,g128,g129,g130,g131,g132,g133,g134,g135,g136,g137,g138,g139,g140,g141,g142,g143,g144,g145,g146,g147,g148,g149,g150,g151,g152,g153,g154,g155,g156,g157,g158,g159,g160,g161,g162,g163,g164,g165,g166,g167,g168,g169,g170,g171,g172,g173,g174,g175,g176,g177,g178,g179,g180,g181,g182,g183,g184,g185,g186,g187,g188,g189,g190,g191,g192,g193,g194,g195,g196,g197,g198,g199
g0,0,797,200,762,579,881,642,757,923,867,1108,505,755,559,957,630,703,1092,324,862,433,548,1012,554,871,537,968,395,613,910,553,79,893,697,807,603,796,327,629,277,777,466,1005,902,597,845,842,549,1014,45,842,668,744,1184,447,220,520,901,662,824,755,1052,622,572,573,531,617,167,646,1076,718,930,814,856,768,322,574,162,614,664,871,198,531,476,364,214,399,1175,969,810,751,602,193,254,543,1060,646,886,412,689,890,198,591,319,1102,206,884,927,753,906,825,754,750,709,94,1106,759,233,321,918,331,282,469,328,791,215,881,569,621,570,502,723,760,742,552,891,796,76,361,713,671,1037,781,210,727,186,873,713,948,242,977,557,108,255,723,748,828,352,770,399,756,194,541,804,682,515,1054,319,489,387,641,884,487,420,904,674,1006,623,391,829,834,494,555,557,366,436,593,419,910,1069,695,589,809,635,511,457,19,999,450,1135
g1,797,0,880,196,287,486,652,294,323,70,312,793,601,247,259,699,560,324,519,199,526,511,242,299,242,474,838,813,564,131,516,752,175,422,350,361,96,479,235,843,49,334,280,158,576,643,150,715,285,842,241,353,280,405,602,960,277,696,424,426,765,395,728,382,511,412,180,646,748,304,564,440,74,95,297,486,595,694,311,390,98,835,513,592,462,619,812,394,324,196,441,452,603,617,435,325,707,652,422,146,333,684,598,506,316,826,537,789,795,151,331,360,131,756,801,310,730,564,490,689,721,617,545,595,359,800,200,630,485,366,708,528,441,279,253,161,749,768,471,111,227,245,426,625,467,658,240,99,627,563,879,481,815,588,81,468,122,459,647,814,150,953,435,463,267,664,376,478,343,418,633,760,437,382,144,180,259,378,455,86,205,784,488,571,578,563,226,596,838,398,139,321,32,295,290,442,797,220,368,359
g2,200,880,0,885,710,851,553,771,937,949,1180,366,938,633,993,527,643,1143,362,901,609,725,1068,684,997,514,861,243,796,1004,513,276,1003,860,955,610,857,458,676,107,870,550,1045,1006,533,772,953,438,1055,189,870,670,883,1236,386,91,613,819,825,805,642,1067,510,578,750,690,704,333,529,1129,899,916,912,922,781,455,504,190,756,655,965,48,495,415,418,386,248,1230,990,848,915,770,316,435,706,1099,541,814,460,796,899,195,520,468,1164,61,841,826,632,1008,831,751,806,595,115,1176,656,348,392,840,230,271,430,307,942,91,998,488,585,721,393,673,924,761,659,944,691,276,409,781,797,1106,760,384,694,224,998,786,889,329,861,730,97,425,800,916,935,422,690,246,870,105,533,774,817,422,1076,424,619,509,558,785,647,535,965,789,1054,779,540,894,870,357,729,742,549,395,658,367,795,1087,801,614,898,775,592,615,181,1060,577,1188
g3,762,196,885,0,183,670,780,468,520,227,432,879,408,303,453,820,707,486,547,396,403,353,410,208,111,581,1006,872,390,204,628,702,144,232,156,486,288,435,356,872,148,351,467,166,698,810,99,817,470,806,435,501,84,552,684,954,287,867,242,606,905,589,845,497,347,276,227,597,868,465,373,633,135,289,473,441,710,695,166,535,177,845,619,683,490,557,872,538,521,386,245,284,577,539,288,505,831,825,464,111,527,696,717,444,459,839,718,955,932,178,517,530,306,888,788,432,874,541,499,863,771,649,632,641,163,817,122,742,616,225,800,681,244,450,231,355,898,716,503,259,91,385,598,563,625,661,112,239,810,556,1044,323,805,519,220,273,105,473,800,874,47,940,542,637,98,762,567,461,273,378,761,923,314,350,331,101,439,211,377,283,399,869,330,408,469,642,311,670,997,590,111,437,172,144,320,331,767,385,312,512
g4,579,287,710,183,0,664,688,460,565,347,583,747,381,212,533,720,640,610,391,451,240,233,529,25,292,482,957,722,301,360,530,518,322,214,254,415,344,254,307,706,246,211,562,337,605,766,271,700,568,623,470,453,174,689,557,775,160,827,194,595,822,664,740,415,239,128,173,413,765,590,337,652,267,377,469,259,610,522,62,481,323,673,516,562,338,374,723,677,584,420,261,191,397,357,153,610,733,789,324,141,558,527,620,260,598,667,703,906,844,345,525,509,331,797,609,582,797,363,336,829,618,491,512,490,245,647,305,637,538,89,675,625,267,440,102,438,826,532,352,273,92,524,573,379,579,489,293,258,795,383,990,204,626,336,250,278,264,315,737,725,186,760,447,613,107,643,650,287,91,200,671,868,150,178,429,112,545,131,193,359,441,735,211,294,297,513,243,537,935,671,149,365,281,72,198,158,584,507,133,645
g5,881,486,851,670,664,0,349,206,210,500,578,573,1041,464,323,399,226,472,563,304,845,888,445,658,728,345,370,663,964,579,339,880,653,863,826,296,389,683,360,765,528,526,366,627,328,196,636,471,375,919,250,233,745,547,465,943,530,230,853,70,385,292,432,320,899,780,492,799,436,473,998,91,560,421,199,689,358,724,718,224,565,803,358,436,540,805,659,550,259,290,897,855,724,835,810,398,395,186,498,576,173,693,346,730,527,790,56,327,420,615,155,157,363,403,832,573,344,694,590,216,624,604,423,559,831,760,684,386,266,753,497,186,899,226,569,373,344,896,537,413,660,519,104,810,157,696,726,433,141,660,415,863,836,796,451,921,608,566,249,662,623,953,340,77,708,453,317,635,655,646,333,311,780,618,412,607,401,793,726,410,285,572,869,947,863,458,425,484,391,314,572,332,518,713,501,765,871,460,646,511
g6,642,652,553,780,688,349,0,389,514,699,859,227,1057,484,612,52,125,775,388,548,776,859,725,670,872,205,329,331,943,778,157,668,826,901,919,296,576,573,427,453,675,483,664,811,83,220,790,126,674,668,496,302,830,862,198,641,527,266,878,333,137,627,86,282,877,764,553,619,98,770,1011,435,719,633,394,577,82,481,750,266,750,510,173,171,403,648,327,861,571,505,949,855,542,693,793,709,55,262,387,669,471,443,68,620,819,496,318,285,156,803,409,332,525,109,568,854,124,527,443,286,325,368,201,325,916,468,844,72,167,759,163,167,955,394,587,616,160,680,392,544,729,789,296,651,222,465,872,561,344,482,344,843,567,656,582,966,763,437,137,329,740,659,241,287,773,131,647,510,633,567,20,242,744,557,652,687,690,815,651,611,517,228,846,908,763,224,469,228,278,650,668,343,684,756,489,718,626,730,604,819
g7,757,294,771,468,460,206,389,0,167,324,471,574,835,268,234,440,279,396,433,159,653,687,338,456,535,267,543,631,761,406,290,740,469,657,624,160,202,510,162,702,331,343,288,447,326,348,445,480,298,798,110,104,540,487,410,860,335,402,647,138,483,297,473,192,697,579,287,647,488,387,793,198,368,251,11,517,352,613,512,131,384,722,299,389,394,644,628,484,219,117,691,651,579,666,608,338,444,358,347,371,133,588,349,555,434,709,250,494,516,437,73,66,164,482,725,466,446,544,441,396,562,502,354,463,628,680,495,388,232,549,488,242,694,20,367,226,461,756,395,209,455,399,131,649,179,579,534,229,343,518,584,661,734,628,248,715,416,413,357,631,421,864,239,169,502,440,305,472,458,465,369,466,582,433,263,401,307,588,540,232,128,569,667,747,678,385,226,418,544,316,367,167,327,508,311,570,749,341,454,441
g8,923,323,937,520,565,210,514,167,0,316,368,720,918,405,113,567,391,266,600,124,782,799,235,567,556,428,579,788,865,390,445,903,472,738,674,327,233,662,306,867,371,491,157,443,467,404,465,621,166,964,95,267,602,348,570,1027,470,440,735,186,581,130,601,359,804,692,399,807,611,264,879,132,393,239,156,669,495,780,608,287,384,888,457,547,558,800,785,349,57,145,762,752,742,817,719,195,567,396,511,447,43,755,489,703,318,876,266,537,615,428,110,193,234,591,893,363,540,705,604,425,726,669,516,630,683,846,507,529,378,654,636,349,762,180,488,178,545,919,561,292,535,309,218,805,292,746,553,308,341,683,625,770,901,781,319,789,439,575,444,788,473,1031,404,235,579,589,140,629,585,611,495,520,703,577,216,481,191,682,679,238,125,716,777,860,817,548,363,580,601,149,441,333,351,598,454,697,916,251,590,307
g9,867,70,949,227,347,500,699,324,316,0,243,850,635,315,232,747,599,265,587,197,587,564,186,362,240,530,862,876,612,81,569,822,155,459,370,413,123,548,293,910,101,403,240,128,625,669,152,769,243,912,249,397,311,342,662,1029,347,720,466,446,805,365,777,437,562,470,250,715,796,244,600,443,91,79,324,555,645,763,364,433,67,903,568,650,530,688,874,330,305,212,471,501,673,685,490,277,754,675,489,205,335,753,647,574,250,894,553,814,836,115,347,390,174,799,870,241,768,634,559,710,786,684,603,661,381,867,190,681,532,422,764,564,470,312,322,139,785,838,540,172,278,178,452,694,502,727,238,164,640,632,904,533,884,656,148,500,129,528,681,877,187,1022,491,487,312,719,342,548,410,488,679,788,497,452,107,236,212,427,522,92,214,842,540,622,642,624,292,657,867,365,198,378,65,346,359,504,867,161,436,297
g10,1108,312,1180,432,583,578,859,471,368,243,0,1041,816,551,256,911,743,122,818,311,822,785,135,601,386,723,946,1084,821,228,754,1065,298,656,537,604,322,791,506,1132,341,642,213,269,797,772,334,950,205,1153,363,568,507,132,864,1262,588,808,671,550,942,325,943,634,779,700,491,958,958,112,789,495,316,257,465,798,822,998,590,600,261,1133,759,847,763,931,1081,117,321,359,653,716,914,928,717,195,914,764,719,444,408,984,820,817,61,1123,634,905,976,255,455,527,376,947,1107,5,902,875,795,792,1001,911,805,883,554,1095,336,858,702,650,954,703,649,468,565,248,911,1081,771,398,505,74,574,937,641,962,383,396,704,871,992,755,1120,900,385,682,328,764,807,1084,406,1258,687,598,529,907,293,789,652,731,839,889,732,695,218,471,177,644,764,285,343,1034,762,841,881,831,522,864,969,310,436,581,306,570,598,742,1107,129,679,112
g11,505,793,366,879,747,573,227,574,720,850,1041,0,1079,577,808,184,347,970,369,732,764,866,911,724,984,321,499,123,950,924,286,554,955,948,997,439,733,560,558,258,804,537,861,946,254,442,912,102,871,520,684,473,911,1061,195,445,597,478,919,549,281,841,157,413,888,789,655,541,170,962,1035,656,849,796,582,562,224,365,807,443,890,332,283,200,412,584,118,1059,778,682,1001,882,475,635,816,910,194,483,423,770,677,329,232,598,1008,318,545,468,268,942,611,528,679,234,417,1037,302,477,431,501,180,292,249,270,991,298,965,191,343,799,86,387,1009,574,657,793,333,563,399,681,810,968,508,585,432,366,984,694,569,431,496,857,409,606,714,1012,887,441,358,120,847,469,359,506,847,133,858,498,672,578,241,430,758,582,825,779,882,859,650,771,699,12,859,905,731,237,577,210,431,863,772,472,821,819,561,728,487,911,633,1015
g12,755,601,938,408,381,1041,1057,835,918,635,816,1079,0,593,860,1084,1020,887,710,796,330,217,816,393,430,853,1337,1027,142,600,900,676,518,180,279,796,686,521,688,972,552,574,875,549,975,1147,492,1051,878,788,827,834,323,944,903,975,536,1209,188,973,1193,996,1100,793,193,294,550,605,1127,866,45,1020,543,695,843,520,976,775,324,863,580,915,884,914,672,551,1029,929,925,777,164,201,637,503,265,912,1098,1171,674,472,919,796,988,490,853,915,1082,1286,1213,565,896,888,690,1164,823,817,1171,619,648,1211,923,794,868,809,262,904,480,1000,916,300,1018,1006,167,815,483,762,1202,683,684,634,384,781,954,554,960,753,433,615,1175,659,1370,222,842,514,601,135,508,640,1117,1030,451,949,820,993,339,994,975,582,423,502,1042,1248,321,504,739,438,847,250,430,686,794,1067,220,198,389,861,625,879,1313,998,477,746,579,327,574,351,769,789,454,909
g13,559,247,633,303,212,464,484,268,405,315,551,577,593,0,410,521,429,534,272,315,384,424,453,200,407,281,744,579,502,372,329,522,385,424,434,203,237,260,106,598,241,94,454,382,401,554,339,514,462,604,312,243,346,625,382,713,66,616,406,394,615,524,545,205,436,317,78,419,568,517,548,466,284,297,278,268,410,448,272,270,335,588,318,379,215,402,578,616,439,269,468,398,366,414,347,508,533,578,176,193,387,437,419,299,543,579,498,693,639,381,339,307,195,593,555,548,588,326,244,618,482,372,329,353,431,553,390,441,328,295,496,413,473,248,109,335,616,539,225,154,244,479,368,408,367,411,407,154,589,319,778,400,569,379,167,488,316,212,526,580,270,707,243,406,288,458,519,242,191,206,467,656,315,171,345,205,450,343,274,270,293,567,406,483,412,340,43,369,724,537,195,152,266,275,50,302,557,440,186,576
g14,957,259,993,453,533,323,612,234,113,232,256,808,860,410,0,665,493,163,642,95,764,764,121,540,470,500,693,865,822,295,524,928,381,681,601,387,189,671,328,932,308,503,53,350,557,516,384,712,63,1001,125,338,537,253,644,1081,468,554,683,294,688,135,698,420,766,661,382,827,710,157,823,244,319,164,226,678,584,825,566,365,297,945,533,624,594,813,862,250,77,147,698,709,769,823,685,106,667,509,546,400,152,804,580,708,208,933,379,651,722,335,203,281,216,695,938,251,647,730,636,539,793,722,587,687,612,904,419,619,464,618,722,451,698,238,471,98,655,945,598,268,485,196,321,819,391,790,468,279,453,714,739,734,948,789,283,727,361,604,552,865,409,1082,470,343,526,674,117,649,569,615,593,633,679,579,124,435,79,636,673,176,123,803,741,824,807,617,370,650,714,139,393,379,281,552,461,678,952,137,582,207
g15,630,699,527,820,720,399,52,440,567,747,911,184,1084,521,665,0,177,827,399,600,794,882,776,701,915,239,338,296,967,826,192,662,871,932,956,339,624,589,470,423,720,512,717,857,123,258,834,89,727,654,547,350,867,914,200,612,560,296,908,385,126,679,34,323,901,790,593,621,49,822,1038,486,764,683,445,593,110,472,782,315,796,486,204,178,420,653,291,914,624,555,981,882,546,700,819,761,16,299,410,709,523,434,102,634,871,472,366,300,134,850,462,383,573,85,552,906,130,534,457,319,305,365,218,325,953,446,888,83,215,788,134,219,987,445,620,666,166,674,409,589,766,840,348,656,274,459,914,605,385,488,347,867,549,665,627,997,807,454,174,294,781,633,278,338,808,116,700,525,661,589,71,259,767,581,702,725,742,845,671,659,568,187,871,929,777,233,508,230,279,702,709,384,730,790,522,740,613,781,629,871
g16,703,560,643,707,640,226,125,279,391,599,743,347,1020,429,493,177,0,655,410,435,765,834,608,626,791,186,319,440,917,680,153,716,736,854,854,226,475,573,351,550,588,451,544,717,110,146,705,244,554,735,380,208,766,740,260,733,483,208,835,208,205,502,210,226,851,733,488,651,219,650,974,310,630,529,282,579,139,541,701,172,655,597,176,230,407,671,436,740,448,396,898,820,574,710,763,587,176,185,378,598,348,505,124,622,701,583,201,269,237,708,289,216,429,203,640,738,170,551,454,220,413,421,234,375,854,554,757,162,106,720,272,42,902,287,538,504,191,730,399,457,668,674,173,675,102,518,790,475,247,509,350,815,642,672,497,917,676,439,97,438,664,748,207,161,714,230,523,514,600,554,107,229,719,536,542,620,571,771,639,508,405,346,820,889,764,267,404,285,294,525,597,277,592,704,446,697,689,615,578,698
g17,1092,324,1143,486,610,472,775,396,266,265,122,970,887,534,163,827,655,0,785,244,850,829,82,623,464,660,835,1025,875,287,686,1056,371,718,612,545,296,789,468,1086,365,628,111,339,720,668,395,875,100,1136,286,499,568,93,804,1229,582,700,728,453,847,204,861,576,826,735,487,952,873,21,856,385,354,241,388,796,747,968,629,527,309,1095,694,784,734,931,1022,88,213,297,723,765,900,934,755,75,829,657,688,469,309,951,743,821,62,1084,527,796,881,324,365,445,342,856,1080,118,806,860,772,682,950,872,746,839,627,1055,411,782,627,687,884,613,720,398,571,200,812,1073,740,380,543,109,482,937,553,933,461,384,591,850,882,798,1092,903,379,752,381,740,710,1025,450,1228,628,502,575,837,172,776,665,730,756,783,761,693,190,501,90,691,775,266,276,965,806,887,902,775,498,808,863,188,462,531,330,611,584,766,1089,103,686,45
g18,324,519,362,547,391,563,388,433,600,587,818,369,710,272,642,399,410,785,0,547,401,498,709,366,658,227,712,331,582,645,257,316,651,583,645,278,496,194,317,328,512,196,692,651,320,557,603,348,701,365,523,344,563,878,201,445,261,618,552,503,522,729,407,249,520,420,346,241,434,771,666,607,555,560,444,197,307,183,448,342,607,316,234,221,57,262,332,872,648,494,636,513,164,305,446,746,415,594,98,447,566,166,323,237,803,306,572,664,533,651,501,430,445,484,296,814,512,141,62,630,227,102,187,100,636,280,651,319,314,433,310,421,644,419,316,585,548,332,47,419,466,744,461,265,414,148,658,424,644,99,731,488,306,268,438,646,582,76,493,334,524,442,223,487,497,293,733,130,308,210,380,622,389,217,604,446,697,494,282,532,518,356,491,540,378,166,296,173,666,747,451,267,539,462,235,359,316,699,268,829
g19,862,199,901,396,451,304,548,159,124,197,311,732,796,315,95,600,435,244,547,0,677,684,179,456,434,417,671,781,747,275,446,833,353,615,550,301,110,576,232,842,247,408,144,325,486,483,342,639,154,905,56,258,478,337,560,989,374,529,614,257,638,214,632,332,688,579,292,732,647,233,757,245,269,118,154,584,511,731,489,289,264,853,452,542,498,718,779,332,133,53,638,634,673,729,605,199,604,484,451,326,138,711,509,614,276,842,359,625,671,312,156,218,124,639,843,306,599,635,540,518,706,630,502,596,558,813,386,547,391,539,645,396,639,158,382,70,611,849,503,180,414,240,271,724,333,695,432,193,444,619,715,655,854,695,201,665,316,509,506,781,349,989,384,302,457,598,204,553,480,522,528,603,594,486,110,361,154,562,581,114,32,726,662,745,717,530,275,564,683,224,320,287,227,478,366,591,857,181,491,289
g20,433,526,609,403,240,845,776,653,782,587,822,764,330,384,764,794,765,850,401,677,0,116,768,226,496,583,1083,702,190,596,626,357,548,270,394,560,575,206,490,641,486,321,797,567,699,906,500,749,803,471,687,615,354,929,601,651,317,969,234,775,913,891,806,547,141,127,385,276,832,830,290,851,506,614,663,203,693,445,236,634,561,584,606,618,374,223,704,918,809,639,321,171,307,179,123,846,810,937,390,381,768,467,708,166,838,584,874,1034,928,577,724,688,553,878,495,821,897,292,339,976,599,473,577,494,377,573,523,712,659,177,711,762,331,632,295,672,931,367,385,497,319,764,745,226,729,424,498,484,962,335,1110,124,514,184,481,315,498,340,859,705,419,627,558,782,306,693,880,270,197,211,764,993,90,231,666,351,782,211,126,594,662,751,122,141,72,563,426,574,1048,900,389,516,521,259,343,86,445,746,199,885
g21,548,511,725,353,233,888,859,687,799,564,785,866,217,424,764,882,834,829,498,684,116,0,749,232,428,659,1154,810,85,557,704,471,495,169,306,618,576,306,528,755,465,383,791,519,778,970,452,843,796,585,703,666,287,901,694,767,360,1033,137,818,996,896,896,610,25,108,402,392,922,808,175,882,475,605,696,305,776,559,200,690,526,700,686,708,463,339,812,889,817,653,215,75,420,294,79,836,896,997,471,365,791,579,790,272,808,699,922,1103,1013,531,755,731,564,964,611,785,977,402,436,1037,706,578,664,595,287,688,465,798,729,145,808,826,225,666,319,667,1009,480,475,507,285,734,792,342,787,536,431,491,1013,442,1183,30,630,300,483,205,456,430,931,813,381,743,629,831,256,786,881,368,236,293,845,1064,115,302,655,331,770,142,215,588,674,853,23,61,182,654,463,669,1124,903,372,570,499,217,393,141,561,725,257,860
g22,1012,242,1068,410,529,445,725,338,235,186,135,911,816,453,121,776,608,82,709,179,768,749,0,541,400,595,815,959,798,219,625,975,307,643,543,478,216,707,392,1015,284,547,87,275,664,638,324,818,83,1057,229,437,494,171,738,1154,500,676,651,415,806,217,809,509,748,654,405,870,823,64,783,365,277,158,331,714,690,891,549,468,236,1021,631,720,656,849,956,163,193,229,651,687,820,852,675,99,780,631,611,388,273,875,687,738,97,1010,501,773,840,258,320,393,263,811,1003,130,766,780,693,660,880,797,680,766,557,982,347,726,570,606,824,567,649,337,489,124,775,991,663,299,464,75,438,855,506,856,397,302,574,771,861,719,1015,821,297,680,307,661,672,959,373,1151,562,463,498,777,187,695,583,648,705,755,679,611,108,420,47,613,693,184,211,905,726,808,819,707,419,740,836,208,380,460,250,532,503,684,1010,27,604,122
g23,554,299,684,208,25,658,670,456,567,362,601,724,393,200,540,701,626,623,366,456,226,232,541,0,317,465,943,698,305,379,512,494,345,231,279,402,351,229,299,680,261,190,571,358,587,754,294,679,577,598,472,443,200,704,535,749,143,816,209,588,804,669,720,400,241,124,170,389,746,603,348,650,285,387,464,233,591,496,82,470,342,647,498,541,314,350,698,692,589,422,280,198,372,334,153,620,714,778,301,157,558,501,602,236,613,641,695,893,826,366,522,502,334,778,583,599,780,337,311,818,593,466,492,466,269,621,329,618,523,95,653,612,287,435,90,446,810,508,328,276,116,540,565,355,567,463,319,262,787,357,976,205,601,312,257,296,285,290,723,700,208,734,429,604,133,622,657,262,65,175,654,855,139,152,439,130,555,145,170,368,444,712,211,293,280,492,234,515,920,678,164,352,296,96,181,142,559,520,107,659
g24,871,242,997,111,292,728,872,535,556,240,386,984,430,407,470,915,791,464,658,434,496,428,400,317,0,679,1078,981,448,180,725,809,93,278,151,577,338,546,445,984,204,461,472,125,792,883,91,918,472,915,481,583,142,515,789,1065,397,938,299,669,993,602,942,592,417,369,329,706,964,444,404,679,168,316,538,551,806,807,264,619,174,957,718,786,601,664,981,500,545,438,267,354,688,643,375,499,925,894,573,214,571,808,812,552,425,951,779,1029,1021,141,573,600,371,979,900,387,960,652,611,931,881,760,735,750,168,929,53,839,706,319,903,762,263,519,342,379,982,824,613,334,201,355,667,670,703,773,3,315,869,668,1119,400,917,625,294,296,119,585,881,983,137,1051,639,704,193,863,576,573,383,490,853,999,410,462,346,211,438,290,483,320,445,974,406,477,565,747,409,776,1075,599,212,530,210,241,428,432,877,373,423,482
g25,537,474,514,581,482,345,205,267,428,530,723,321,853,281,500,239,186,660,227,417,583,659,595,465,679,0,500,364,743,605,47,541,642,696,716,118,412,387,240,438,490,278,554,630,122,332,602,241,564,573,375,163,627,752,143,605,322,394,673,292,340,557,263,92,676,561,354,469,287,650,807,402,535,475,276,393,129,379,545,142,572,466,39,124,220,486,361,749,483,365,744,652,392,524,591,605,251,368,193,470,388,347,138,436,693,452,347,451,361,625,319,237,357,314,487,718,318,366,268,405,297,259,87,214,713,422,655,160,86,554,234,194,749,262,381,475,350,556,213,363,526,649,248,490,190,350,679,377,417,327,526,641,492,486,398,761,575,253,277,364,544,613,40,267,569,189,568,327,429,372,189,409,543,357,505,486,570,610,457,450,384,313,645,710,579,120,270,152,465,577,471,153,503,551,283,519,525,594,402,705
g26,968,838,861,1006,957,370,329,543,579,862,946,499,1337,744,693,338,319,835,712,671,1083,1154,815,943,1078,500,0,621,1237,943,460,997,1011,1169,1158,541,744,888,657,755,874,771,733,988,392,195,988,424,741,993,615,508,1071,902,527,943,801,142,1151,415,219,640,351,545,1170,1052,797,947,332,838,1292,451,911,784,541,892,406,809,1017,476,925,822,481,500,718,973,616,907,624,649,1210,1139,870,1017,1083,759,323,186,694,901,544,771,389,935,892,808,314,50,232,976,515,478,707,266,891,941,208,853,762,154,643,697,525,654,1159,783,1038,402,425,1038,471,331,1215,559,854,741,172,1009,709,747,977,889,411,977,382,794,1077,767,245,808,47,1134,887,979,787,1231,959,752,224,618,960,966,526,374,1024,453,670,826,920,872,333,90,1039,855,781,927,769,1088,957,770,649,506,1139,1208,1079,551,716,557,73,661,899,592,870,1018,764,1017,952,830,897,870
g27,395,813,243,872,722,663,331,631,788,876,1084,123,1027,579,865,296,440,1025,331,781,702,810,959,698,981,364,621,0,892,944,343,451,965,911,976,480,766,507,583,135,817,521,918,959,335,551,918,207,929,405,739,527,894,1117,221,322,585,592,880,629,402,914,274,450,834,745,657,456,290,1014,984,739,862,831,640,507,304,272,779,502,908,211,332,241,385,503,5,1113,844,729,966,836,399,556,769,970,309,593,408,768,746,241,316,538,1056,199,642,589,391,957,678,594,711,356,303,1080,421,409,389,615,105,235,279,233,967,181,969,278,411,762,169,477,974,626,643,837,454,458,372,703,796,1009,586,503,512,282,982,714,676,368,619,806,293,531,732,974,895,407,467,3,845,346,397,590,828,210,928,450,639,537,341,550,709,548,865,771,935,823,598,804,749,115,807,843,660,253,589,219,554,935,771,503,838,794,553,678,376,956,598,1070
g28,613,564,796,390,301,964,943,761,865,612,821,950,142,502,822,967,917,875,582,747,190,85,798,305,448,743,1237,892,0,595,788,534,524,170,308,699,637,389,604,832,517,466,845,551,863,1051,487,928,849,647,770,745,313,942,779,833,439,1114,150,894,1080,956,981,692,66,185,474,463,1007,854,107,954,521,660,770,388,861,636,257,770,567,773,770,793,548,410,894,929,880,720,197,113,498,361,155,888,981,1078,556,422,859,658,874,354,849,774,1000,1186,1098,565,827,807,631,1049,681,821,1061,482,520,1118,788,661,749,679,288,764,490,883,812,212,893,908,206,740,395,724,1093,542,560,573,337,775,870,412,867,615,450,556,1091,524,1267,102,700,373,546,177,495,515,1014,895,425,807,713,909,300,871,940,452,317,378,930,1147,199,386,708,387,822,186,299,646,739,937,97,56,247,739,539,753,1207,962,428,650,549,270,474,226,627,773,340,903
g29,910,131,1004,204,360,579,778,406,390,81,228,924,600,372,295,826,680,287,645,275,596,557,219,379,180,605,943,944,595,0,645,859,88,433,325,489,204,585,366,971,133,454,292,56,704,751,109,845,292,955,329,477,283,347,733,1081,393,801,445,527,886,423,856,513,551,473,300,753,875,266,570,519,96,158,405,591,723,816,362,513,39,960,644,724,587,721,943,334,372,294,435,488,717,712,489,319,833,756,549,225,412,809,726,606,255,951,633,896,917,40,427,471,253,879,920,227,849,678,612,791,851,745,676,724,339,926,127,758,611,422,838,646,432,394,357,211,867,875,597,242,277,182,534,726,583,780,178,230,720,682,986,527,935,686,211,464,100,581,763,945,178,1073,565,569,300,795,397,592,435,524,758,870,506,490,174,248,257,416,547,173,294,915,534,613,657,695,356,727,949,419,218,452,106,342,412,518,911,192,466,310
g30,553,516,513,628,530,339,157,290,445,569,754,286,900,329,524,192,153,686,257,446,626,704,625,512,725,47,460,343,788,645,0,563,685,744,764,156,449,427,283,429,533,325,578,673,75,300,646,199,588,587,400,187,675,777,128,604,370,361,721,293,293,571,216,134,722,607,400,498,239,677,854,404,578,512,298,432,81,392,592,159,614,465,22,102,258,518,339,775,501,396,791,698,420,559,637,628,204,338,235,517,403,358,90,475,722,451,333,411,314,667,335,251,396,266,496,750,272,398,303,374,287,271,85,225,760,421,700,114,72,601,199,170,797,288,429,506,305,577,249,405,574,681,249,522,181,367,724,420,395,356,484,687,499,521,441,808,619,291,238,342,590,614,86,261,617,152,585,366,476,415,142,369,589,402,538,533,597,657,500,486,413,280,691,755,619,120,317,145,421,592,517,196,546,599,331,564,540,625,448,731
g31,79,752,276,702,518,880,668,740,903,822,1065,554,676,522,928,662,716,1056,316,833,357,471,975,494,809,541,997,451,534,859,563,0,837,624,737,592,760,274,602,344,728,428,975,847,615,861,786,586,983,113,818,658,679,1146,469,299,476,919,588,819,788,1030,658,563,496,460,573,106,683,1039,640,921,763,817,751,268,595,191,549,658,821,269,541,498,346,145,455,1137,946,782,677,527,160,178,470,1029,678,901,392,635,873,229,612,257,1062,274,887,953,790,853,811,744,716,744,164,1062,789,198,298,934,375,300,482,344,721,278,823,595,627,502,539,732,686,724,502,857,826,16,346,676,610,995,777,140,729,202,811,673,957,222,1009,481,181,185,681,672,774,327,790,455,699,273,539,803,617,546,1030,280,430,335,665,910,415,370,867,618,973,552,326,791,807,542,479,478,289,451,559,440,942,1046,642,572,762,570,472,387,96,960,394,1098
g32,893,175,1003,144,322,653,826,469,472,155,298,955,518,385,381,871,736,371,651,353,548,495,307,345,93,642,1011,965,524,88,685,837,0,358,241,532,267,566,402,980,152,455,380,32,748,817,51,883,380,938,403,528,211,425,762,1076,391,869,374,598,940,511,900,551,486,421,307,731,920,351,491,598,107,234,470,571,765,813,311,565,88,961,681,755,593,694,964,411,457,363,355,423,704,679,433,406,880,825,560,207,491,810,769,579,334,953,706,963,970,48,499,535,307,930,912,299,906,666,611,861,867,753,706,738,256,929,39,800,658,370,872,704,351,454,345,293,925,852,605,282,232,263,600,700,643,778,90,265,794,675,1053,465,928,657,244,384,69,582,823,966,137,1065,602,636,243,830,485,582,407,506,806,935,459,474,258,219,345,353,515,243,368,946,472,548,613,721,378,752,1013,507,202,489,143,289,416,475,897,280,443,390
g33,697,422,860,232,214,863,901,657,738,459,656,948,180,424,681,932,854,718,583,615,270,169,643,231,278,696,1169,911,170,433,744,624,358,0,139,628,505,410,514,876,373,421,698,386,818,976,324,909,702,737,647,662,150,780,763,911,374,1038,35,795,1036,817,952,629,151,171,374,533,977,696,142,840,367,517,664,412,822,682,152,692,408,830,729,770,536,483,912,766,745,597,55,98,545,445,154,737,946,998,529,291,739,695,834,392,688,827,905,1118,1058,401,716,712,509,1010,749,656,1011,519,523,1038,806,676,722,683,120,812,322,849,752,149,880,837,64,637,316,583,1040,635,549,454,204,615,778,487,789,654,281,435,998,551,1203,148,768,442,420,64,336,508,951,914,273,890,660,817,158,851,797,462,277,374,885,1081,213,366,562,258,672,89,322,507,613,936,153,205,342,720,453,741,1148,820,296,577,401,151,412,244,708,617,315,743
g34,807,350,955,156,254,826,919,624,674,370,537,997,279,434,601,956,854,612,645,550,394,306,543,279,151,716,1158,976,308,325,764,737,241,139,0,629,444,497,503,958,303,460,609,272,836,962,220,945,611,848,590,650,88,665,805,1014,401,1021,169,762,1048,736,979,637,289,277,366,640,1003,591,254,789,282,439,629,500,845,769,200,684,309,920,752,807,592,592,977,651,672,543,118,231,639,561,272,642,968,979,575,256,683,777,854,490,575,916,874,1107,1073,288,673,684,463,1028,849,538,1019,607,590,1017,872,745,757,744,19,897,201,875,759,236,922,831,112,605,340,505,1045,750,605,414,190,504,752,597,776,738,154,394,966,632,1195,281,867,552,375,146,240,569,949,979,203,995,678,791,150,888,712,538,340,449,901,1074,322,431,477,233,578,185,417,436,555,986,287,345,467,762,451,787,1146,735,259,579,323,183,438,349,815,516,383,631
g35,603,361,610,486,415,296,296,160,327,413,604,439,796,203,387,339,226,545,278,301,560,618,478,402,577,118,541,480,699,489,156,592,532,628,629,0,294,387,131,544,380,238,440,518,216,352,495,355,451,643,262,66,541,638,260,700,260,415,610,230,419,457,367,32,632,513,263,505,388,534,751,329,424,357,170,394,234,454,475,74,459,562,156,243,246,510,478,633,379,248,671,598,433,539,544,493,348,379,203,375,290,429,237,435,576,549,316,490,446,512,224,152,240,402,567,600,389,400,296,419,406,342,201,303,628,520,548,269,130,496,352,210,676,150,312,356,415,608,245,250,442,530,192,515,169,422,576,266,402,370,574,596,575,500,287,691,467,271,323,481,444,704,83,225,488,307,465,338,382,354,276,453,504,329,386,396,455,546,437,331,268,432,601,674,571,229,178,263,521,476,374,50,391,478,225,485,594,476,364,590
g36,796,96,857,288,344,389,576,202,233,123,322,733,686,237,189,624,475,296,496,110,575,576,216,351,338,412,744,766,637,204,449,760,267,505,444,294,0,493,184,810,141,331,224,244,503,550,246,649,231,841,146,274,369,387,548,941,287,602,503,331,681,319,655,320,579,472,195,655,673,279,646,345,170,65,203,500,524,678,380,310,181,811,450,535,442,636,764,379,242,99,529,524,604,642,497,275,631,558,397,216,239,663,525,527,307,800,441,696,712,234,234,268,54,675,788,319,645,564,478,595,680,588,489,560,452,773,295,560,409,431,646,441,530,189,284,99,662,776,450,84,303,248,333,642,379,642,336,91,531,555,786,547,801,609,94,556,218,446,559,766,241,938,374,369,347,601,306,479,381,435,556,668,490,399,108,251,214,452,487,38,110,725,554,637,619,513,203,546,747,327,210,263,128,368,287,489,794,203,396,338
g37,327,479,458,435,254,683,573,510,662,548,791,560,521,260,671,589,573,789,194,576,206,306,707,229,546,387,888,507,389,585,427,274,566,410,497,387,493,0,355,466,454,170,714,574,498,718,514,542,722,372,570,450,426,877,395,520,206,781,377,615,710,783,600,368,328,240,302,167,626,771,477,705,489,548,521,7,490,273,297,462,546,423,407,412,170,142,508,868,699,529,465,330,143,155,262,767,605,752,195,362,638,285,506,48,791,419,704,839,723,579,583,531,455,674,354,789,696,110,133,790,402,272,372,289,484,402,554,507,469,265,505,575,474,491,227,592,731,290,181,409,345,723,579,148,551,244,547,404,787,141,911,299,372,119,410,470,501,136,665,509,428,505,367,613,360,487,779,64,163,60,562,797,203,96,599,346,708,325,91,523,554,547,300,345,191,357,302,367,848,797,368,352,487,317,210,171,331,690,123,829
g38,629,235,676,356,307,360,427,162,306,293,506,558,688,106,328,470,351,468,317,232,490,528,392,299,445,240,657,583,604,366,283,602,402,514,503,131,184,355,0,625,250,185,376,390,347,463,364,481,385,673,217,149,415,561,368,761,172,524,499,289,549,430,498,149,539,420,140,503,519,453,644,360,295,250,172,362,363,500,364,181,332,628,279,357,266,493,581,555,346,180,553,497,441,510,450,431,480,484,220,246,284,482,368,397,488,618,396,607,577,385,234,203,130,534,612,503,518,403,308,524,496,405,310,376,503,589,417,397,261,394,472,328,557,142,209,268,542,618,272,123,319,432,266,499,276,464,444,137,488,386,694,503,624,474,158,575,336,276,446,584,314,760,200,305,366,429,428,324,296,306,408,572,421,273,289,270,380,438,378,222,205,549,509,588,516,331,65,364,643,445,245,87,263,362,150,408,625,384,292,512
g39,277,843,107,872,706,765,453,702,867,910,1132,258,972,598,932,423,550,1086,328,842,641,755,1015,680,984,438,755,135,832,971,429,344,980,876,958,544,810,466,625,0,839,524,984,979,440,673,931,334,994,279,807,600,880,1180,301,189,589,718,842,723,536,996,404,512,780,705,674,374,423,1074,931,834,883,875,713,464,411,196,758,581,934,81,414,328,386,426,140,1175,921,789,931,792,335,478,726,1038,437,715,422,775,827,181,425,486,1112,71,750,721,525,979,758,676,756,489,183,1129,551,357,373,739,142,226,351,249,946,69,979,391,502,731,290,582,940,695,642,891,585,348,375,739,788,1058,678,425,609,222,984,746,793,326,754,755,169,460,762,935,910,399,590,139,852,211,463,689,814,323,1006,419,617,508,460,681,665,528,915,773,996,791,554,848,811,249,755,780,589,318,617,286,688,1016,779,555,865,775,563,633,258,1009,575,1131
g40,777,49,870,148,246,528,675,331,371,101,341,804,552,241,308,720,588,365,512,247,486,465,284,261,204,490,874,817,517,133,533,728,152,373,303,380,141,454,250,839,0,320,328,142,597,679,116,731,332,823,287,380,231,443,611,948,259,734,375,466,792,444,748,399,465,369,166,622,769,344,515,486,45,144,335,461,613,682,265,417,95,826,529,604,454,592,816,431,373,240,392,405,584,586,390,371,729,690,417,104,380,675,618,477,351,818,578,825,821,140,373,396,167,780,786,339,758,545,478,728,722,613,555,594,311,792,169,648,508,322,720,559,392,315,226,210,779,744,465,131,181,278,463,598,499,646,203,114,669,548,915,435,801,559,93,419,87,447,678,818,101,939,450,501,218,678,424,459,310,393,656,795,396,358,191,136,305,331,422,135,251,795,442,525,541,571,228,602,871,447,97,337,35,249,278,403,778,261,338,398
g41,466,334,550,351,211,526,483,343,491,403,642,537,574,94,503,512,451,628,196,408,321,383,547,190,461,278,771,521,466,454,325,428,455,421,460,238,331,170,185,524,320,0,548,456,400,587,406,489,556,511,400,294,374,718,345,627,65,651,396,456,619,613,530,227,399,282,154,325,556,611,528,539,362,390,354,177,402,362,273,312,415,506,309,350,139,310,521,710,529,359,471,373,272,325,313,601,525,617,114,250,469,355,414,212,636,498,552,720,639,458,416,370,288,591,466,640,597,233,157,656,419,299,301,289,453,474,454,428,345,276,463,443,477,324,122,429,628,444,151,248,275,571,424,316,408,326,462,246,640,228,800,364,481,289,257,486,386,127,547,523,327,619,246,460,310,431,609,148,151,122,468,680,268,92,439,250,544,333,200,364,384,526,368,438,337,302,132,326,741,627,254,195,349,283,44,247,465,533,127,670
g42,1005,280,1045,467,562,366,664,288,157,240,213,861,875,454,53,717,544,111,692,144,797,791,87,571,472,554,733,918,845,292,578,975,380,698,609,440,224,714,376,984,328,548,0,348,610,561,390,765,10,1049,179,391,552,199,697,1133,509,595,703,342,737,132,750,473,791,690,419,873,762,107,840,282,331,186,279,721,637,875,591,419,300,997,586,677,643,856,915,197,108,198,712,733,816,864,714,54,718,551,596,426,198,855,633,750,161,985,421,692,771,332,254,334,259,745,988,208,696,777,684,579,846,774,640,739,622,956,419,672,517,646,775,502,711,292,508,125,702,991,648,307,508,162,371,862,442,840,469,315,491,762,779,761,999,831,316,741,369,652,601,918,425,1133,523,391,547,728,104,694,605,657,645,677,711,621,137,460,39,659,711,203,174,856,768,851,843,670,415,703,757,127,419,431,297,576,505,712,1001,111,620,154
g43,902,158,1006,166,337,627,811,447,443,128,269,946,549,382,350,857,717,339,651,325,567,519,275,358,125,630,988,959,551,56,673,847,32,386,272,518,244,574,390,979,142,456,348,0,734,795,67,871,348,947,377,511,238,395,753,1081,393,846,401,573,922,479,886,539,512,441,305,741,906,319,521,571,97,207,448,580,752,817,331,548,63,963,669,746,593,706,958,381,426,339,385,448,711,693,455,374,865,801,557,213,463,812,755,591,303,955,681,940,953,16,474,513,288,914,917,270,887,672,613,837,864,752,697,735,287,930,72,787,643,390,862,684,382,433,350,264,906,863,604,268,249,232,577,712,623,781,122,253,769,680,1030,489,933,670,232,414,73,584,803,961,150,1070,590,613,264,819,453,588,418,514,791,913,477,482,228,229,313,377,528,218,342,937,496,573,631,713,371,745,991,475,207,477,127,309,416,492,904,247,453,359
g44,597,576,533,698,605,328,83,326,467,625,797,254,975,401,557,123,110,720,320,486,699,778,664,587,792,122,392,335,863,704,75,615,748,818,836,216,503,498,347,440,597,400,610,734,0,248,711,155,620,628,435,231,747,809,151,623,444,304,796,296,218,587,152,200,797,682,471,557,172,713,929,405,641,563,333,503,30,435,667,197,674,486,92,121,328,582,331,808,524,439,866,773,480,624,712,657,132,289,308,587,423,399,23,545,760,472,309,344,239,727,358,275,451,192,531,792,198,461,370,320,302,316,134,271,833,443,765,62,95,676,171,142,872,328,503,551,232,628,318,466,646,725,254,585,179,414,791,482,357,417,413,762,532,587,504,883,684,362,175,334,658,637,158,255,690,125,604,436,551,489,67,302,663,476,585,604,633,732,573,539,454,250,766,829,689,163,386,178,349,609,587,262,607,673,406,638,583,667,523,764
g45,845,643,772,810,766,196,220,348,404,669,772,442,1147,554,516,258,146,668,557,483,906,970,638,754,883,332,195,551,1051,751,300,861,817,976,962,352,550,718,463,673,679,587,561,795,248,0,793,344,570,876,427,314,876,743,399,860,612,63,960,226,201,486,286,360,985,866,603,798,280,668,1102,286,716,593,346,723,272,683,825,284,731,727,322,369,553,818,547,746,454,457,1017,951,720,857,896,594,248,42,522,706,364,647,255,766,722,713,143,146,235,784,327,283,512,231,778,767,162,698,600,73,542,564,379,518,964,685,844,283,248,848,383,144,1021,364,663,554,152,875,546,551,782,710,217,822,187,661,882,571,129,656,236,949,779,818,592,1038,764,585,84,549,764,877,350,182,829,349,513,659,734,696,213,119,856,675,593,732,595,897,781,577,459,445,954,1026,908,410,523,426,199,508,703,401,676,825,577,835,831,650,715,707
g46,842,150,953,99,271,636,790,445,465,152,334,912,492,339,384,834,705,395,603,342,500,452,324,294,91,602,988,918,487,109,646,786,51,324,220,495,246,514,364,931,116,406,390,67,711,793,0,842,391,887,389,497,174,456,718,1025,341,847,337,577,908,517,862,512,445,374,261,679,883,374,461,587,76,226,447,520,727,763,263,533,89,911,641,713,545,643,918,443,457,346,327,382,653,628,387,422,844,803,512,156,480,760,732,528,364,903,688,939,937,79,481,510,280,896,861,334,874,615,561,840,820,705,663,690,233,880,53,761,623,323,830,675,325,429,294,290,895,801,556,247,182,291,576,649,615,728,90,230,778,625,1029,422,877,606,208,356,28,533,794,920,86,1014,562,614,197,789,493,531,355,455,771,910,410,423,259,168,358,310,464,229,353,903,429,506,564,677,335,707,986,516,151,450,118,241,368,426,845,297,392,419
g47,549,715,438,817,700,471,126,480,621,769,950,102,1051,514,712,89,244,875,348,639,749,843,818,679,918,241,424,207,928,845,199,586,883,909,945,355,649,542,481,334,731,489,765,871,155,344,842,0,775,571,590,382,857,964,148,523,543,385,882,447,206,740,73,332,864,757,590,555,96,867,1006,553,776,711,487,545,127,395,762,349,813,398,202,138,379,591,202,963,679,591,959,851,481,640,785,813,103,386,379,706,578,357,132,585,914,384,443,388,204,866,513,431,595,160,468,945,218,475,409,407,220,296,187,261,940,358,895,92,248,761,47,285,966,481,605,702,253,597,367,603,755,877,407,593,331,386,918,618,470,428,428,831,463,606,639,973,816,412,260,205,782,544,281,404,795,57,758,478,633,550,139,347,731,547,736,719,787,820,628,686,607,102,834,887,725,189,508,174,361,762,708,394,744,771,506,702,532,820,597,919
