Fahrtkosten,g0,g1,g2,g3,g4,g5,g6,g7,g8,g9,g10,g11,g12,g13,g14,g15,g16,g17,g18,g19,g20,g21,g22,g23,g24,g25,g26,g27,g28,g29,g30,g31,g32,g33,g34,g35,g36,g37,g38,g39,g40,g41,g42,g43,g44,g45,g46,g47,g48,g49,g50,g51,g52,g53,g54,g55,g56,g57,g58,g59,g60,g61,g62,g63,g64,g65,g66,g67,g68,g69,g70,g71,g72,g73,g74,g75,g76,g77,g78,g79,g80,g81,g82,g83,g84,g85,g86,g87,g88,g89,g90,g91,g92,g93,g94,g95,g96,g97,g98,g99,g100,g101,g102,g103,g104,g105,g106,g107,g108,g109,g110,g111,g112,g113,g114,g115,g116,g117,g118,g119,g120,g121,g122,g123,g124,g125,g126,g127,g128,g129,g130,g131,g132,g133,g134,g135,g136,g137,g138,g139,g140,g141,g142,g143,g144,g145,g146,g147,g148,g149
g0,0,654,241,498,356,297,439,563,222,391,193,143,588,529,221,249,717,474,149,269,870,362,635,688,637,120,116,387,47,592,230,85,424,680,232,584,499,228,428,560,390,140,219,309,679,298,260,552,313,433,446,418,365,171,619,405,285,319,454,757,835,635,416,451,240,804,470,182,551,164,733,683,540,380,707,479,610,329,349,330,603,294,797,427,159,541,365,367,449,353,266,352,767,305,94,765,506,657,574,478,544,675,557,685,348,701,338,234,368,401,658,266,360,61,345,144,743,577,662,778,464,462,361,229,456,424,40,451,348,251,417,283,605,432,634,269,413,323,295,623,396,608,520,446,454,322,515,310,581,284
g1,654,0,853,492,853,476,1081,221,599,301,847,654,422,206,846,890,916,887,636,808,912,1008,209,63,61,692,753,990,696,617,428,620,235,912,439,431,956,828,781,1011,1041,713,851,938,806,877,903,739,428,221,534,254,832,651,791,854,739,973,877,771,929,1223,896,204,511,894,299,527,181,697,620,33,1108,810,950,1108,386,662,806,619,296,360,935,827,753,1165,697,819,1073,812,630,1005,716,583,705,846,682,716,133,1106,193,787,1062,33,1003,545,589,440,761,593,487,846,521,597,809,741,89,866,618,890,1036,851,506,884,1074,808,670,633,499,439,1007,784,1064,798,73,881,384,366,697,517,257,275,241,937,506,709,1086,351,364,613
g2,241,853,0,737,488,538,370,793,279,561,159,201,829,755,29,75,906,623,220,403,1083,300,864,895,825,161,236,408,228,824,428,321,638,865,465,825,620,30,330,673,297,139,47,88,889,73,88,762,553,635,683,601,513,387,825,552,466,201,299,980,1040,627,542,658,356,1012,706,423,775,161,970,878,568,251,886,434,850,542,507,554,840,502,995,298,100,495,318,227,420,215,486,258,997,535,274,977,724,880,752,436,770,888,636,885,226,941,568,468,274,630,899,364,424,299,208,113,941,757,896,983,504,624,433,161,438,308,206,675,428,415,447,155,706,324,820,325,534,491,495,862,601,843,751,558,693,519,546,533,821,306
g3,498,492,737,0,465,205,787,275,624,486,640,603,124,287,715,731,424,443,596,465,459,734,319,475,526,607,527,653,510,138,421,416,344,419,319,114,520,727,866,565,778,630,709,795,318,796,738,248,212,392,70,453,432,366,298,436,370,752,923,318,457,838,485,375,563,421,201,319,311,641,239,525,720,845,457,786,167,261,409,222,229,376,452,885,656,828,782,839,749,826,279,756,296,217,476,373,195,238,526,781,299,301,636,503,774,203,194,314,816,150,167,523,668,445,820,640,556,382,181,411,661,404,657,673,739,875,536,160,642,488,653,765,615,876,533,578,600,482,318,124,378,249,251,524,47,313,701,321,160,677
g4,356,853,488,465,0,377,347,680,578,673,332,496,589,667,459,437,436,135,504,89,639,319,745,863,859,459,268,200,320,471,513,306,626,391,437,580,143,497,770,204,365,471,442,496,452,562,434,341,425,658,395,678,38,225,386,66,114,384,774,571,584,378,59,662,584,562,576,346,694,505,629,886,260,709,406,330,630,207,56,250,672,541,531,758,467,366,717,690,294,676,223,360,615,277,263,538,334,480,819,325,683,458,216,876,394,635,283,434,709,314,621,126,710,364,668,456,937,283,547,530,196,144,709,345,280,760,385,320,695,565,191,604,251,771,862,178,734,619,159,567,624,688,640,94,422,154,239,520,616,640
g5,297,476,538,205,377,0,643,311,423,347,458,398,291,292,518,539,533,418,391,340,630,579,380,486,486,402,345,530,316,320,235,220,256,511,126,286,483,526,665,540,620,426,513,602,457,594,548,343,48,295,168,332,355,197,411,378,263,577,719,499,612,751,419,293,370,577,206,115,319,436,444,509,635,640,546,657,316,191,330,151,325,213,590,681,453,709,582,634,620,621,153,592,492,110,292,531,284,405,455,653,308,446,585,499,603,406,127,121,613,164,361,387,485,242,614,437,559,434,380,558,565,384,476,493,616,672,334,221,461,304,541,559,593,674,489,432,444,318,220,328,265,335,268,461,166,233,613,170,290,479
g6,439,1081,370,787,347,643,0,952,610,830,259,514,906,927,350,295,763,456,532,321,978,78,1022,1107,1070,463,329,150,392,814,667,460,846,716,642,898,408,397,700,435,75,456,332,314,796,426,282,689,681,863,717,855,385,445,731,406,418,169,657,918,918,264,366,877,662,900,848,558,953,493,973,1111,243,619,722,68,941,527,400,564,966,725,860,664,425,125,686,595,75,583,511,112,963,574,375,880,680,828,1011,73,943,804,359,1110,149,972,593,642,645,640,951,263,762,489,577,426,1170,616,891,867,214,481,768,230,99,676,437,658,759,688,174,526,444,693,1068,211,844,762,469,899,826,978,909,352,740,479,231,729,922,655
g7,563,221,793,275,680,311,952,0,588,336,747,611,203,45,779,812,696,693,596,651,694,885,71,201,263,636,640,841,596,396,376,505,181,694,331,211,766,773,811,817,924,660,779,870,585,834,823,523,270,215,323,285,654,506,572,669,569,872,892,552,708,1058,715,186,504,673,105,398,48,655,408,252,940,817,731,968,172,477,628,433,88,302,714,845,696,1020,722,820,931,810,459,893,501,403,587,625,468,495,285,964,41,566,877,229,899,336,400,328,775,391,275,698,565,502,805,681,281,654,399,669,872,655,551,784,928,830,590,423,539,420,851,765,870,825,272,742,453,371,521,298,229,73,43,756,294,528,919,262,145,622
g8,222,599,279,624,578,423,610,588,0,298,351,95,682,544,283,338,916,694,80,491,1046,531,652,649,563,146,326,592,262,743,216,284,411,883,305,680,722,250,242,783,546,154,296,367,862,284,353,738,412,395,591,346,586,378,807,625,502,455,307,920,1020,837,638,422,88,987,522,323,558,120,862,620,751,230,913,662,689,524,569,513,653,286,989,264,190,726,160,232,638,222,457,504,915,477,316,944,686,823,486,663,556,855,778,632,484,815,510,310,194,569,762,485,152,226,217,185,683,784,802,964,676,678,159,379,650,252,197,624,151,168,625,185,828,252,556,478,255,233,502,741,367,650,550,669,588,529,727,334,656,62
g9,391,301,561,486,673,347,830,336,298,0,579,360,491,291,557,605,876,748,341,605,946,753,388,353,265,403,503,765,437,624,166,385,160,857,241,494,802,534,489,863,780,422,565,648,790,579,619,686,305,120,488,52,663,448,752,695,565,702,580,805,939,1011,727,149,210,903,312,328,295,401,699,322,906,511,893,868,481,527,639,494,418,136,925,531,462,930,402,519,837,512,471,741,776,451,463,855,626,722,191,867,297,776,890,334,732,636,473,244,463,509,575,628,233,343,508,451,385,780,661,889,830,719,219,615,842,513,397,563,208,147,790,483,914,505,259,649,119,70,538,574,114,408,310,766,471,559,881,177,448,313
g10,193,847,159,640,332,458,259,747,351,579,0,255,746,716,130,106,758,468,272,250,945,181,819,880,830,204,114,257,152,708,422,242,616,716,419,740,461,174,474,514,201,200,112,169,751,232,106,627,485,626,579,609,359,274,686,397,325,126,456,851,898,492,384,643,403,871,650,351,739,237,861,876,419,400,734,311,773,414,356,435,779,487,849,449,174,375,443,378,288,365,369,161,877,426,166,839,595,752,765,312,731,752,478,878,155,841,455,420,414,515,807,206,504,251,357,171,937,607,783,841,351,471,509,37,302,456,182,553,500,434,295,297,547,470,827,166,585,510,362,764,589,786,704,399,594,383,397,501,748,399
g11,143,654,201,603,496,398,514,611,95,360,255,0,677,571,199,251,857,617,19,407,1003,436,680,698,624,51,236,497,175,712,236,220,445,822,297,674,639,174,286,699,451,63,209,289,814,225,266,688,399,438,561,401,507,312,756,547,429,362,322,883,971,741,556,462,157,939,533,287,588,44,843,678,657,245,849,566,691,467,492,463,667,311,935,289,103,630,222,237,542,223,402,410,886,432,233,898,639,784,551,567,584,809,689,686,392,802,466,301,227,528,754,395,248,168,216,94,741,720,777,914,583,605,254,284,554,285,110,580,245,214,531,161,743,291,619,385,339,290,437,725,406,667,570,584,564,464,633,349,659,149
g12,588,422,829,124,589,291,906,203,682,491,746,677,0,232,809,830,507,565,667,586,491,850,224,392,466,688,632,775,607,203,468,511,334,512,380,10,643,816,921,685,894,712,805,894,391,883,838,351,278,380,194,449,556,475,388,560,491,861,988,349,507,962,609,356,610,472,178,406,249,718,211,452,844,910,549,908,46,384,533,343,129,408,516,946,742,951,834,907,870,895,395,870,299,332,580,424,307,297,484,903,238,371,759,426,885,144,313,376,876,274,84,642,700,531,889,726,472,491,196,469,785,525,688,780,862,934,624,282,673,529,776,839,735,933,475,695,610,504,439,95,377,151,199,648,167,436,825,353,58,729
g13,529,206,755,287,667,292,927,45,544,291,716,571,232,0,742,777,711,689,556,632,722,859,109,199,240,597,610,821,563,416,335,475,136,706,297,239,760,735,766,813,896,621,743,834,603,794,789,533,248,170,328,240,642,483,585,660,554,841,848,579,732,1043,704,142,460,697,94,369,27,615,442,239,926,773,744,946,207,468,616,423,130,260,735,801,658,999,678,777,909,767,444,864,532,390,558,648,476,516,251,942,16,585,869,220,869,371,392,295,731,390,309,677,520,468,762,643,277,660,426,690,856,651,506,753,907,786,555,427,494,377,833,723,866,781,248,719,408,326,508,326,184,117,36,746,300,517,904,223,177,578
g14,221,846,29,715,459,518,350,779,283,557,130,199,809,742,0,57,877,594,218,374,1055,277,850,887,819,154,208,381,204,799,419,299,627,836,449,804,591,48,354,644,278,135,19,92,861,103,72,735,534,626,659,596,483,361,797,523,438,182,327,953,1012,603,513,648,356,984,689,403,763,163,946,871,541,276,857,412,831,515,478,528,823,492,966,323,96,474,336,253,396,240,460,238,972,511,248,949,697,853,748,414,757,861,607,878,209,918,543,452,296,605,878,334,432,281,232,106,934,728,871,955,476,595,440,133,414,332,189,649,434,410,420,177,677,348,815,296,536,486,467,840,592,827,736,529,670,491,520,520,803,316
g15,249,890,75,731,437,539,295,812,338,605,106,251,830,777,57,0,864,572,270,356,1050,225,884,929,866,203,208,338,223,806,461,319,667,822,481,825,563,102,406,613,222,187,42,65,856,138,15,731,560,669,672,642,464,368,791,502,430,126,371,954,1004,552,487,690,409,977,720,427,799,218,957,916,496,326,840,358,855,516,462,533,852,533,955,372,149,419,392,302,345,290,466,182,977,520,255,944,698,855,796,361,792,857,570,922,152,933,551,483,350,613,895,310,488,310,283,156,979,713,880,947,434,577,496,94,363,383,223,653,490,458,378,231,643,399,862,265,590,535,465,855,634,857,769,500,685,487,475,557,828,373
g16,717,916,906,424,436,533,763,696,916,876,758,857,507,711,877,864,0,308,859,508,224,749,731,895,950,836,671,614,700,304,763,637,755,46,655,497,358,910,1143,351,795,854,863,927,120,979,864,190,571,802,395,854,403,545,127,369,441,820,1169,234,157,672,400,789,885,147,624,599,735,881,388,948,576,1096,58,726,552,391,403,405,636,746,97,1144,862,737,1073,1083,696,1068,458,794,311,445,643,150,250,217,947,719,723,141,446,925,829,443,414,650,1084,368,475,559,1009,692,1060,849,976,152,333,115,559,291,1002,776,675,1141,755,313,986,831,589,997,375,1148,958,614,977,852,421,424,781,658,675,410,419,395,570,699,563,978
g17,474,887,623,443,135,418,456,693,694,748,468,617,565,689,594,572,308,0,624,221,521,441,751,888,903,584,398,307,444,409,598,412,674,262,507,555,78,632,897,124,487,598,578,632,344,697,570,255,467,713,378,744,112,320,282,71,193,515,906,472,462,412,92,711,688,443,594,423,716,631,560,921,299,839,272,424,610,227,125,268,668,611,404,888,597,445,839,822,392,807,276,487,527,308,385,425,270,393,873,418,704,355,194,907,523,580,298,503,836,302,580,262,815,471,799,586,966,159,479,410,263,39,813,480,373,889,507,283,798,658,284,735,177,899,907,312,823,702,210,522,681,687,658,107,408,189,286,580,603,756
g18,149,636,220,596,504,391,532,596,80,341,272,19,667,556,218,270,859,624,0,416,1001,453,665,681,605,69,248,512,185,707,221,221,429,824,286,664,648,193,285,708,469,83,228,308,813,242,285,687,389,421,556,383,514,315,756,554,434,381,327,880,970,757,564,446,138,938,520,282,573,60,836,660,671,249,852,583,679,468,498,462,654,296,936,292,122,647,216,243,558,230,402,429,881,429,241,897,637,781,532,584,569,807,700,669,410,794,463,290,227,524,744,407,231,167,223,113,723,723,771,914,597,611,236,302,570,286,119,578,227,196,545,172,752,291,600,399,320,271,440,717,389,654,556,594,557,466,647,335,648,137
g19,269,808,403,465,89,340,321,651,491,605,250,407,586,632,374,356,508,221,416,0,701,275,719,823,808,370,179,191,232,497,442,227,575,465,377,577,232,411,681,292,321,381,358,418,509,477,356,389,384,603,396,615,109,159,443,149,97,320,686,618,651,415,148,610,501,626,546,285,659,415,656,840,303,619,483,322,623,206,105,243,654,477,600,669,377,370,628,602,285,587,194,307,654,256,175,597,368,523,762,318,648,512,291,833,335,651,272,375,620,319,629,60,626,282,579,366,894,357,574,595,229,221,625,268,278,671,297,340,612,489,201,515,336,682,809,118,658,548,148,578,567,668,609,177,419,159,279,463,605,552
g20,870,912,1083,459,639,630,978,694,1046,946,945,1003,491,722,1055,1050,224,521,1001,701,0,958,707,877,958,990,846,828,863,321,865,786,802,269,756,483,578,1082,1285,575,1004,1011,1043,1114,193,1153,1051,320,656,850,465,913,603,701,258,575,619,1020,1324,143,71,896,612,831,1000,78,651,722,740,1033,300,941,799,1248,278,945,526,543,598,540,616,830,133,1293,1026,959,1207,1237,913,1223,604,1000,200,571,810,106,364,226,972,938,729,195,670,913,1032,373,537,751,1229,477,427,757,1115,835,1215,1011,955,362,295,111,779,498,1106,967,894,1287,910,423,1090,934,805,1154,598,1292,967,814,1058,937,587,396,838,637,687,627,477,564,793,777,549,1106
g21,362,1008,300,734,319,579,78,885,531,753,181,436,850,859,277,225,749,441,453,275,958,0,956,1035,995,385,254,144,316,772,591,388,773,704,570,843,405,325,630,442,46,379,258,253,771,360,213,657,615,789,666,779,356,382,705,383,372,105,593,888,902,327,349,803,583,881,783,489,884,416,931,1038,281,551,713,134,884,479,365,512,904,650,846,597,349,197,612,527,120,515,455,53,927,518,303,857,642,795,935,136,875,777,378,1037,95,924,540,570,574,591,900,215,684,413,508,349,1097,599,849,848,232,460,690,153,141,608,359,615,681,611,180,454,460,624,993,157,765,684,421,850,752,914,842,345,687,434,263,657,863,577
g22,635,209,864,319,745,380,1022,71,652,388,819,680,224,109,850,884,731,751,665,719,707,956,0,170,262,706,711,910,668,426,444,577,241,732,402,234,826,843,871,875,995,730,851,941,615,903,895,566,341,268,375,336,717,576,609,731,635,944,955,568,728,1123,777,239,567,694,174,469,94,724,412,234,1005,881,770,1037,183,540,692,495,94,369,740,907,766,1089,782,885,1001,875,526,965,509,468,659,647,514,522,303,1034,96,595,938,206,971,337,463,400,838,448,280,767,621,573,870,751,248,701,417,693,938,712,606,856,996,892,662,475,595,484,919,832,927,886,273,812,501,430,586,315,288,72,115,818,345,591,984,331,167,684
g23,688,63,895,475,863,486,1107,201,649,353,880,698,392,199,887,929,895,888,681,823,877,1035,170,0,124,734,782,1010,728,592,467,648,263,894,465,402,959,871,838,1012,1070,756,891,979,782,923,941,724,439,260,524,303,840,670,772,859,750,1007,932,738,898,1237,903,238,560,863,294,549,171,741,581,72,1121,864,932,1131,353,666,814,622,263,395,908,882,795,1186,752,872,1095,865,639,1036,678,588,732,816,669,690,195,1128,184,762,1067,41,1035,506,591,465,816,589,450,865,578,629,861,782,80,855,587,862,1050,850,563,917,1094,864,707,624,555,485,1024,834,1065,855,136,903,443,415,705,485,294,241,231,944,494,715,1099,379,335,666
g24,637,61,825,526,859,486,1070,263,563,265,830,624,466,240,819,866,950,903,605,808,958,995,262,124,0,665,741,987,681,656,407,611,233,943,434,474,969,799,734,1026,1026,685,826,911,843,844,879,769,437,207,562,223,841,650,824,865,746,955,831,815,971,1224,905,198,475,936,327,524,218,666,669,62,1111,766,981,1101,433,676,815,634,344,344,975,780,725,1159,650,777,1067,771,638,990,763,595,695,887,711,756,80,1098,230,825,1071,87,984,595,605,435,716,615,536,843,474,582,768,713,123,892,663,930,1037,868,459,866,1068,761,650,658,453,409,1005,747,1079,751,12,874,336,334,706,561,244,324,276,946,535,720,1088,346,409,571
g25,120,692,161,607,459,402,463,636,146,403,204,51,688,597,154,203,836,584,69,370,990,385,706,734,665,0,194,449,140,708,268,204,477,799,313,684,602,137,313,661,400,24,162,246,799,198,218,672,409,474,560,441,473,291,739,514,401,311,334,875,956,692,518,497,206,924,553,287,616,46,844,718,609,260,825,515,705,449,459,450,687,342,917,308,60,579,258,247,491,233,386,359,883,423,199,885,626,776,594,516,611,795,646,725,341,808,457,316,252,519,762,353,299,161,225,48,780,695,775,898,536,575,305,232,504,306,80,570,296,256,484,163,703,315,660,339,389,332,414,730,440,689,595,545,565,441,586,374,675,197
g26,116,753,236,527,268,345,329,640,326,503,114,236,632,610,208,208,671,398,248,179,846,254,711,782,741,194,0,271,69,597,339,135,519,630,317,626,409,239,502,468,287,203,196,274,652,308,213,526,374,534,465,526,286,161,588,326,230,233,507,746,803,519,326,549,355,775,540,242,635,238,749,783,426,440,652,365,660,308,276,325,667,396,758,490,199,426,452,423,333,409,257,254,768,313,53,740,490,647,682,363,626,652,453,783,259,728,343,318,441,404,693,159,472,160,400,187,843,523,672,746,351,394,474,148,340,492,130,444,462,366,302,336,509,503,739,154,529,436,259,650,497,675,596,351,480,282,402,403,635,385
g27,387,990,408,653,200,530,150,841,592,765,257,497,775,821,381,338,614,307,512,191,828,144,910,1010,987,449,271,0,340,670,599,380,755,568,552,767,263,428,731,298,185,450,362,381,646,477,330,540,573,779,583,783,238,339,581,256,284,239,708,768,769,248,216,789,626,750,736,463,848,488,829,1022,162,656,575,132,813,392,254,432,846,647,711,705,430,178,699,634,95,621,386,195,815,448,303,730,534,680,935,127,837,654,236,1017,236,832,462,551,672,504,815,144,740,423,613,425,1078,466,746,717,95,330,743,247,86,713,399,517,732,634,39,554,316,727,987,117,799,702,336,761,742,860,799,204,608,341,139,641,797,646
g28,47,696,228,510,320,316,392,596,262,437,152,175,607,563,204,223,700,444,185,232,863,316,668,728,681,140,69,340,0,595,275,96,464,662,266,602,464,221,453,524,345,155,198,286,670,293,232,542,338,475,455,463,333,161,608,373,261,279,470,754,824,588,380,492,286,794,500,204,587,186,741,725,494,398,686,431,632,319,319,327,631,336,783,446,163,494,396,383,401,369,260,309,769,307,59,757,500,654,619,431,579,667,516,726,307,714,340,268,392,402,674,223,404,99,361,149,785,556,667,767,419,435,406,189,409,446,65,449,393,298,370,297,567,455,678,223,460,370,279,635,439,637,552,409,465,305,470,349,605,321
g29,592,617,824,138,471,320,814,396,743,624,708,712,203,416,799,806,304,409,707,497,321,772,426,592,656,708,597,670,595,0,549,507,482,309,443,193,487,817,984,518,818,730,790,872,189,888,811,163,339,531,152,592,433,438,187,424,400,807,1034,182,319,821,473,513,689,283,336,424,438,746,159,648,705,956,346,801,247,296,416,272,332,510,319,999,752,835,903,949,765,935,339,802,175,288,552,234,140,100,661,796,426,169,602,624,826,171,256,438,931,193,181,557,799,546,928,736,673,303,77,275,657,371,789,737,752,991,632,157,774,618,661,870,564,993,664,615,737,617,353,125,517,354,380,506,158,338,690,456,259,799
g30,230,428,428,421,513,235,667,376,216,166,422,236,468,335,419,461,763,598,221,442,865,591,444,467,407,268,339,599,275,549,0,219,209,738,109,467,647,405,453,708,620,290,423,511,691,461,474,575,210,208,399,188,507,288,644,541,409,547,523,731,847,845,569,229,143,812,306,176,352,280,656,455,740,446,771,703,473,388,483,362,438,75,824,479,328,764,366,447,671,436,326,582,717,320,297,766,517,638,344,702,348,681,729,460,576,605,348,114,409,397,550,462,250,178,430,315,517,651,602,793,664,573,241,458,676,466,242,454,226,69,624,388,759,465,405,483,225,106,389,532,173,436,337,607,391,412,716,118,441,261
g31,85,620,321,416,306,220,460,505,284,385,242,220,511,475,299,319,637,412,221,227,786,388,577,648,611,204,135,380,96,507,219,0,385,603,182,506,447,311,506,509,423,225,294,382,596,382,328,468,243,403,362,402,307,94,536,346,218,366,538,672,752,625,365,416,278,721,407,109,499,246,649,651,521,462,631,490,536,247,288,246,536,267,715,508,244,549,437,451,456,437,182,390,682,219,84,681,422,572,555,487,491,591,518,649,394,619,253,182,447,316,578,243,405,59,429,229,709,501,577,695,445,394,403,279,459,504,125,366,389,262,404,368,557,511,610,265,431,324,219,541,366,543,462,400,372,245,497,269,509,347
g32,424,235,638,344,626,256,846,181,411,160,616,445,334,136,627,667,755,674,429,575,802,773,241,263,233,477,519,755,464,482,209,385,0,742,204,337,738,615,630,796,807,500,630,719,658,671,679,567,207,48,359,115,608,417,628,633,512,743,713,659,802,990,672,37,326,765,155,292,147,489,543,266,877,639,779,873,321,447,582,406,259,135,794,666,538,930,541,643,838,634,405,772,624,366,470,717,507,582,199,870,145,643,838,263,772,478,379,204,596,399,417,611,385,365,629,524,324,677,511,754,804,640,371,653,838,650,444,448,358,243,773,593,849,645,235,645,279,190,474,420,48,251,151,713,337,489,854,116,288,443
g33,680,912,865,419,391,511,716,694,883,857,716,822,512,706,836,822,46,262,824,465,269,704,732,894,943,799,630,568,662,309,738,603,742,0,631,501,311,869,1108,306,749,817,822,884,140,938,821,175,551,788,383,837,359,509,123,324,401,775,1132,265,203,627,354,777,856,192,616,570,731,844,410,944,530,1060,37,679,557,359,360,377,638,725,143,1107,824,691,1040,1045,649,1031,426,749,340,418,604,189,235,232,936,673,718,160,401,923,784,459,389,626,1049,348,486,516,981,659,1023,810,975,108,348,159,513,247,975,733,629,1105,718,294,959,805,542,959,331,1113,950,570,955,829,385,433,765,660,670,363,409,358,524,679,565,946
g34,232,439,465,319,437,126,642,331,305,241,419,297,380,297,449,481,655,507,286,377,756,570,402,465,434,313,317,552,266,443,109,182,204,631,0,378,562,447,547,622,605,337,449,539,582,511,492,467,107,226,292,241,424,217,535,455,326,545,608,624,738,791,488,236,245,703,241,91,320,339,557,470,680,530,665,668,393,288,400,257,375,105,715,568,370,726,463,527,634,515,230,571,613,215,267,657,409,530,385,666,312,571,653,468,573,510,241,5,498,288,459,409,359,171,508,355,528,547,499,684,605,478,350,456,634,557,260,345,335,178,571,458,674,558,434,441,325,200,297,435,190,378,288,528,286,318,656,88,362,358
g35,584,431,825,114,580,286,898,211,680,494,740,674,10,239,804,825,497,555,664,577,483,843,234,402,474,684,626,767,602,193,467,506,337,501,378,0,633,811,920,675,886,709,800,888,381,879,833,341,275,384,184,453,546,468,378,550,482,855,986,340,498,953,599,361,610,463,182,401,257,715,206,461,834,908,538,899,56,375,523,335,139,408,506,945,738,942,833,905,862,893,387,863,292,324,574,415,296,287,491,894,246,361,748,435,878,141,304,374,874,265,82,634,701,527,887,722,482,480,188,460,775,515,689,774,853,933,619,271,675,529,767,836,724,932,483,687,613,506,431,87,381,161,205,638,158,427,816,354,67,729
g36,499,956,620,520,143,483,408,766,722,802,461,639,643,760,591,563,358,78,648,232,578,405,826,959,969,602,409,263,464,487,647,447,738,311,562,633,0,632,912,62,448,613,574,618,410,694,558,330,531,775,454,801,140,361,351,106,237,490,912,541,515,336,83,775,725,500,666,474,788,647,636,990,226,848,314,368,687,293,163,337,744,667,455,898,607,381,860,830,339,815,334,455,599,374,406,487,348,466,936,361,775,423,116,977,493,658,368,558,851,377,658,257,851,505,807,597,1036,220,556,467,201,117,850,468,318,901,529,361,836,702,234,744,112,912,972,297,870,752,265,600,742,762,730,63,484,249,217,639,680,783
g37,228,828,30,727,497,526,397,773,250,534,174,174,816,735,48,102,910,632,193,411,1082,325,843,871,799,137,239,428,221,817,405,311,615,869,447,811,632,0,306,686,325,115,67,117,888,71,116,761,538,611,674,576,520,382,825,560,469,229,282,976,1041,651,553,634,328,1012,688,410,754,133,961,852,589,228,891,460,835,539,513,549,822,480,997,276,77,521,290,205,444,192,482,285,991,528,271,976,721,876,725,462,749,887,653,861,254,930,561,450,248,624,887,375,394,284,185,92,915,761,888,984,523,631,403,181,462,285,192,670,398,389,467,129,721,300,793,340,505,464,495,851,578,825,731,571,683,519,567,512,806,276
g38,428,781,330,866,770,665,700,811,242,489,474,286,921,766,354,406,1143,897,285,681,1285,630,871,838,734,313,502,731,453,984,453,506,630,1108,547,920,912,306,0,970,626,299,373,393,1098,278,418,972,654,603,832,542,786,599,1041,826,713,531,104,1161,1255,957,829,632,311,1223,756,562,776,267,1105,796,893,83,1135,764,926,753,773,747,883,517,1221,56,307,825,88,109,750,118,687,588,1157,713,512,1181,922,1063,654,767,776,1091,947,814,553,1056,747,552,61,807,1002,658,260,452,124,316,857,1005,1045,1199,825,888,275,486,768,34,391,862,283,394,769,177,1010,18,725,634,398,440,723,982,583,878,777,854,831,750,870,569,893,191
g39,560,1011,673,565,204,540,435,817,783,863,514,699,685,813,644,613,351,124,708,292,575,442,875,1012,1026,661,468,298,524,518,708,509,796,306,622,675,62,686,970,0,483,671,626,666,420,746,608,357,589,833,501,861,202,422,366,167,298,533,967,553,508,322,144,833,787,498,718,535,840,707,662,1045,225,905,301,387,730,349,224,392,791,727,446,955,664,390,920,886,362,872,393,493,617,430,467,490,383,486,994,381,828,435,95,1031,533,689,422,619,909,426,694,313,913,567,864,654,1090,230,584,465,221,162,912,518,339,958,589,404,898,764,264,800,53,970,1029,348,932,813,325,636,801,810,782,116,530,307,222,699,725,844
g40,390,1041,297,778,365,620,75,924,546,780,201,451,894,896,278,222,795,487,469,321,1004,46,995,1070,1026,400,287,185,345,818,620,423,807,749,605,886,448,325,626,483,0,391,260,239,818,351,209,704,655,820,710,808,402,423,752,429,418,96,582,934,947,339,394,836,603,927,822,526,921,427,977,1070,309,545,758,143,927,525,412,557,945,682,891,589,358,200,614,520,140,509,499,41,974,562,338,903,688,841,964,147,912,824,414,1070,74,970,584,605,572,637,944,261,698,444,503,361,1130,644,895,894,268,506,705,168,164,602,383,661,696,635,219,453,497,619,1024,203,786,710,467,895,784,955,880,388,731,480,293,691,905,588
g41,140,713,139,630,471,426,456,660,154,422,200,63,712,621,135,187,854,598,83,381,1011,379,730,756,685,24,203,450,155,730,290,225,500,817,337,709,613,115,299,671,391,0,145,226,820,174,202,692,433,496,583,462,486,311,759,527,417,300,315,897,975,690,530,519,221,945,577,311,640,38,868,738,612,242,842,511,729,469,474,471,711,365,936,291,39,574,251,228,488,214,406,350,905,444,214,905,647,797,613,512,635,816,653,746,329,832,478,340,238,541,786,361,307,185,206,31,801,711,798,918,540,590,313,225,502,291,100,591,305,276,486,143,712,301,680,343,403,351,433,754,463,713,619,555,588,459,588,398,699,199
g42,219,851,47,709,442,513,332,779,296,565,112,209,805,743,19,42,863,578,228,358,1043,258,851,891,826,162,196,362,198,790,423,294,630,822,449,800,574,67,373,626,260,145,0,90,849,119,57,723,532,631,652,602,468,352,785,507,425,165,346,943,999,584,496,653,366,971,689,399,764,175,938,877,522,295,842,393,828,504,463,518,822,496,953,342,106,455,354,272,377,259,451,220,962,502,238,937,687,843,756,395,758,849,589,883,192,912,534,451,315,596,872,317,446,279,252,114,940,713,863,942,457,580,454,114,395,351,189,639,447,418,401,196,659,367,822,278,548,494,456,834,597,826,737,511,664,479,501,522,800,331
g43,309,938,88,795,496,602,314,870,367,648,169,289,894,834,92,65,927,632,308,418,1114,253,941,979,911,246,274,381,286,872,511,382,719,884,539,888,618,117,393,666,239,226,90,0,921,115,62,796,622,719,737,688,525,434,856,562,494,148,343,1019,1067,578,545,741,445,1041,779,489,855,250,1022,964,533,310,901,381,917,581,524,599,912,585,1019,352,186,439,394,285,373,275,532,204,1043,586,321,1009,763,920,839,385,848,922,617,971,165,998,617,542,343,678,960,370,511,369,269,197,1027,775,946,1011,477,638,521,151,394,366,279,718,516,502,421,228,693,384,907,321,622,578,530,920,685,917,827,555,750,552,514,612,890,393
g44,679,806,889,318,452,457,796,585,862,790,751,814,391,603,861,856,120,344,813,509,193,771,615,782,843,799,652,646,670,189,691,596,658,140,582,381,410,888,1098,420,818,820,849,921,0,959,858,127,488,706,302,763,415,509,66,390,426,829,1134,132,157,742,430,691,822,125,519,539,626,842,270,837,637,1058,172,768,434,350,407,351,520,665,135,1104,833,789,1022,1047,735,1033,413,811,201,385,617,88,176,97,844,762,613,21,514,813,842,322,352,577,1041,295,355,566,941,646,1025,818,862,191,213,101,607,315,933,774,717,1099,719,239,917,761,627,963,455,1104,851,624,897,772,393,305,688,542,567,451,321,370,627,615,447,923
g45,298,877,73,796,562,594,426,834,284,579,232,225,883,794,103,138,979,697,242,477,1153,360,903,923,844,198,308,477,293,888,461,382,671,938,511,879,694,71,278,746,351,174,119,115,959,0,148,832,605,663,745,623,586,454,896,625,538,257,233,1047,1111,687,616,688,369,1082,751,479,813,181,1031,900,634,195,959,492,902,610,580,620,885,536,1066,238,141,551,283,170,481,160,553,314,1062,599,342,1047,792,947,769,495,808,957,707,910,277,999,632,514,228,695,955,437,415,352,154,157,963,830,959,1054,572,697,426,230,500,251,260,741,423,437,516,119,778,269,838,398,537,510,565,921,631,887,793,631,753,589,613,572,872,296
g46,260,903,88,738,434,548,282,823,353,619,106,266,838,789,72,15,864,570,285,356,1051,213,895,941,879,218,213,330,232,811,474,328,679,821,492,833,558,116,418,608,209,202,57,62,858,148,0,733,570,682,678,656,463,374,793,500,432,112,381,957,1004,540,484,703,423,978,730,436,811,233,963,930,486,338,839,346,864,519,461,538,862,545,956,384,164,407,406,314,333,302,471,169,981,526,262,946,701,858,810,349,804,859,563,935,137,940,557,495,363,618,903,308,503,321,295,171,992,713,886,948,426,576,511,90,352,395,235,657,505,472,369,244,637,411,875,261,605,549,468,862,647,867,780,495,692,489,465,568,837,388
g47,552,739,762,248,341,343,689,523,738,686,627,688,351,533,735,731,190,255,687,389,320,657,566,724,769,672,526,540,542,163,575,468,567,175,467,341,330,761,972,357,704,692,723,796,127,832,733,0,380,613,208,664,303,381,69,285,302,709,1006,230,283,667,330,602,702,252,442,416,558,715,305,772,554,931,212,668,397,223,292,225,473,556,250,977,705,695,898,919,633,905,286,695,275,261,489,214,60,140,761,662,545,126,444,751,724,333,229,462,915,178,343,447,823,520,898,691,804,141,227,226,514,219,816,651,617,973,591,122,800,644,526,836,401,978,776,506,787,662,267,286,591,494,497,358,234,244,541,508,401,799
g48,313,428,553,212,425,48,681,270,412,305,485,399,278,248,534,560,571,467,389,384,656,615,341,439,437,409,374,573,338,339,210,243,207,551,107,275,531,538,654,589,655,433,532,622,488,605,570,380,0,247,190,288,404,236,447,427,311,607,714,521,642,797,468,244,351,606,167,133,274,439,450,461,681,636,587,698,297,239,378,199,294,176,623,674,463,751,570,632,662,619,201,625,507,158,321,559,320,429,407,695,264,476,634,451,633,404,173,102,605,203,354,429,460,254,613,448,512,478,392,589,610,433,450,521,659,664,347,258,435,279,585,561,642,665,440,471,408,283,269,329,218,301,227,509,181,282,659,128,268,465
g49,433,221,635,392,658,295,863,215,395,120,626,438,380,170,626,669,802,713,421,603,850,789,268,260,207,474,534,779,475,531,208,403,48,788,226,384,775,611,603,833,820,496,631,719,706,663,682,613,247,0,407,70,642,444,675,669,545,752,690,707,850,1018,706,29,307,814,202,318,175,482,590,249,906,618,825,893,365,485,616,446,298,138,842,642,535,951,515,624,859,615,440,784,672,405,487,765,553,631,161,890,176,691,872,252,781,524,420,228,573,444,463,636,352,376,611,522,310,722,559,802,832,680,338,663,860,625,449,494,326,227,798,579,886,619,207,666,238,164,509,467,36,287,191,747,385,525,882,139,333,420
g50,446,534,683,70,395,168,717,323,591,488,579,561,194,328,659,672,395,378,556,396,465,666,375,524,562,560,465,583,455,152,399,362,359,383,292,184,454,674,832,501,710,583,652,737,302,745,678,208,190,407,0,461,362,304,268,367,300,687,883,331,453,769,416,394,537,417,235,274,354,597,286,567,650,805,421,716,235,191,338,153,290,365,438,847,606,758,751,798,679,785,213,690,325,152,416,369,149,239,552,711,341,288,569,548,709,263,126,287,780,80,234,454,650,398,778,590,604,332,215,401,591,338,640,611,669,839,485,100,625,469,583,721,552,841,568,509,596,473,248,186,387,309,293,455,30,243,632,313,226,647
g51,418,254,601,453,678,332,855,285,346,52,609,401,449,240,596,642,854,744,383,615,913,779,336,303,223,441,526,783,463,592,188,402,115,837,241,453,801,576,542,861,808,462,602,688,763,623,656,664,288,70,461,0,665,456,728,695,567,734,632,771,910,1026,729,98,257,874,270,332,243,443,658,277,917,562,874,890,436,519,640,483,369,137,899,583,501,950,454,570,857,562,468,770,738,440,483,825,604,691,156,888,246,748,894,287,763,593,460,243,515,490,532,642,286,366,558,490,340,766,625,861,842,713,271,645,861,565,428,543,261,186,805,531,914,558,219,667,167,112,536,535,75,358,262,769,442,555,894,164,403,364
g52,365,832,513,432,38,355,385,654,586,663,359,507,556,642,483,464,403,112,514,109,603,356,717,840,841,473,286,238,333,433,507,307,608,359,424,546,140,520,786,202,402,486,468,525,415,586,463,303,404,642,362,665,0,220,349,40,98,417,794,533,550,408,64,644,585,527,550,335,670,519,592,865,289,726,375,368,597,177,25,221,643,529,497,775,485,402,729,709,332,695,202,396,577,251,274,501,296,442,803,362,658,421,230,854,428,598,254,421,724,281,586,156,712,366,687,473,914,251,509,495,229,112,710,374,318,777,397,284,696,562,228,623,252,787,843,212,730,612,135,531,608,659,614,105,389,125,270,505,585,648
g53,171,651,387,366,225,197,445,506,378,448,274,312,475,483,361,368,545,320,315,159,701,382,576,670,650,291,161,339,161,438,288,94,417,509,217,468,361,382,599,422,423,311,352,434,509,454,374,381,236,444,304,456,220,0,448,257,126,386,626,593,664,574,281,451,368,634,402,125,509,336,588,683,462,552,537,462,505,158,199,166,522,318,625,599,324,516,531,539,426,525,99,396,610,151,113,596,339,493,603,459,499,506,441,677,410,567,182,216,539,244,533,195,495,153,517,309,738,407,511,607,388,301,492,307,424,596,211,288,478,341,356,454,472,603,650,235,509,394,124,489,408,532,463,319,319,151,439,304,483,441
g54,619,791,825,298,386,411,731,572,807,752,686,756,388,585,797,791,127,282,756,443,258,705,609,772,824,739,588,581,608,187,644,536,628,123,535,378,351,825,1041,366,752,759,785,856,66,896,793,69,447,675,268,728,349,448,0,324,361,763,1074,190,216,685,366,662,771,186,497,486,610,783,302,823,577,999,160,704,434,289,341,294,515,623,181,1045,771,727,967,987,671,973,354,745,250,331,554,153,127,122,820,698,597,73,458,801,776,344,299,531,983,247,366,500,892,588,965,757,853,136,233,159,545,251,885,708,653,1041,659,190,869,713,563,902,404,1047,831,558,855,730,330,311,655,537,549,389,292,306,567,575,442,869
g55,405,854,552,436,66,378,406,669,625,695,397,547,560,660,523,502,369,71,554,149,575,383,731,859,865,514,326,256,373,424,541,346,633,324,455,550,106,560,826,167,429,527,507,562,390,625,500,285,427,669,367,695,40,257,324,0,131,450,834,511,519,402,49,670,623,497,567,367,688,560,581,887,284,767,339,383,602,192,58,236,653,560,464,816,525,411,769,750,348,735,228,426,560,270,315,474,285,425,830,377,676,397,208,875,460,592,268,452,765,287,584,192,751,405,727,514,935,217,499,465,232,77,748,411,332,818,437,282,734,597,241,663,219,828,868,245,765,646,159,528,636,670,631,88,396,144,267,533,592,688
g56,285,739,466,370,114,263,418,569,502,565,325,429,491,554,438,430,441,193,434,97,619,372,635,750,746,401,230,284,261,400,409,218,512,401,326,482,237,469,713,298,418,417,425,494,426,538,432,302,311,545,300,567,98,126,361,131,0,410,731,529,574,489,161,548,494,547,464,237,581,447,559,772,371,660,425,416,529,109,74,147,566,431,528,708,422,460,651,645,379,630,110,402,560,167,203,514,275,431,707,411,570,427,327,762,427,554,179,323,653,222,532,157,622,277,622,409,823,295,477,517,303,176,619,349,370,707,321,243,604,466,286,558,349,716,748,215,633,515,51,481,511,580,528,202,324,62,350,407,513,564
g57,319,973,201,752,384,577,169,872,455,702,126,362,861,841,182,126,820,515,381,320,1020,105,944,1007,955,311,233,239,279,807,547,366,743,775,545,855,490,229,531,533,96,300,165,148,829,257,112,709,607,752,687,734,417,386,763,450,410,0,489,938,967,430,424,770,517,944,773,475,865,335,964,1002,386,450,788,235,891,511,422,538,901,613,914,495,266,294,519,425,225,414,474,57,971,535,286,916,685,842,890,238,857,832,476,1004,29,949,561,546,476,618,919,262,607,377,407,269,1063,667,883,912,333,528,614,89,246,507,305,650,606,556,278,357,555,523,952,205,700,632,454,873,716,909,828,427,705,472,367,628,867,495
g58,454,877,299,923,774,719,657,892,307,580,456,322,988,848,327,371,1169,906,327,686,1324,593,955,932,831,334,507,708,470,1034,523,538,713,1132,608,986,912,282,104,967,582,315,346,343,1134,233,381,1006,714,690,883,632,794,626,1074,834,731,489,0,1206,1290,919,831,718,388,1259,830,610,860,291,1163,892,867,78,1156,724,996,784,784,783,960,593,1251,50,309,782,180,87,714,101,720,546,1209,754,528,1219,960,1107,751,727,859,1129,935,910,508,1119,788,613,117,850,1067,654,357,490,109,322,954,1026,1098,1233,804,901,372,460,733,71,415,902,378,472,747,172,1003,86,822,622,495,526,748,1043,667,957,856,851,885,774,846,641,964,270
g59,757,771,980,318,571,499,918,552,920,805,851,883,349,579,953,954,234,472,880,618,143,888,568,738,815,875,746,768,754,182,731,672,659,265,624,340,541,976,1161,553,934,897,943,1019,132,1047,957,230,521,707,331,771,533,593,190,511,529,938,1206,0,163,874,555,688,869,131,508,598,597,916,170,800,767,1129,291,893,385,438,522,427,475,692,191,1172,915,917,1081,1120,859,1106,494,925,78,452,705,92,256,100,829,887,586,118,646,773,953,239,418,619,1107,356,288,677,981,716,1099,900,816,323,152,142,735,441,971,877,842,1166,797,306,956,800,752,1039,587,1169,824,736,919,799,489,254,696,497,544,579,340,468,757,638,406,978
g60,835,929,1040,457,584,612,918,708,1020,939,898,971,507,732,1012,1004,157,462,970,651,71,902,728,898,971,956,803,769,824,319,847,752,802,203,738,498,515,1041,1255,508,947,975,999,1067,157,1111,1004,283,642,850,453,910,550,664,216,519,574,967,1290,163,0,828,553,833,979,36,655,697,753,999,333,959,733,1215,209,883,545,506,546,508,635,818,63,1261,988,895,1180,1203,852,1189,570,945,236,543,770,84,334,219,980,876,741,166,603,933,978,403,509,733,1198,452,451,705,1097,803,1181,973,977,303,311,57,716,441,1089,919,832,1256,875,396,1073,917,745,1119,530,1262,980,762,1049,926,546,413,835,657,697,566,468,521,728,766,565,1081
g61,635,1223,627,838,378,751,264,1058,837,1011,492,741,962,1043,603,552,672,412,757,415,896,327,1123,1237,1224,692,519,248,588,821,845,625,990,627,791,953,336,651,957,322,339,690,584,578,742,687,540,667,797,1018,769,1026,408,574,685,402,489,430,919,874,828,0,353,1025,874,819,953,699,1070,729,972,1255,118,878,619,196,1005,585,432,629,1051,889,765,924,666,146,934,854,207,842,599,373,935,655,550,813,681,802,1176,192,1059,756,228,1248,413,991,661,789,900,689,987,383,987,671,835,663,1308,551,892,786,186,450,990,472,189,935,646,684,979,882,221,780,298,951,1224,365,1048,948,537,930,982,1066,1017,316,797,533,139,878,993,889
g62,416,896,542,485,59,419,366,715,638,727,384,556,609,704,513,487,400,92,564,148,612,349,777,903,905,518,326,216,380,473,569,365,672,354,488,599,83,553,829,144,394,530,496,545,430,616,484,330,468,706,416,729,64,281,366,49,161,424,831,555,553,353,0,709,643,534,612,398,732,564,629,929,235,766,364,338,652,237,89,282,701,593,496,816,524,364,776,748,304,734,266,395,606,314,323,514,333,470,868,332,720,439,166,918,431,642,314,485,768,336,634,178,769,423,726,514,978,250,547,501,184,114,768,394,287,818,445,331,754,622,196,662,192,830,907,224,791,674,198,578,673,717,676,41,444,187,218,569,641,700
g63,451,204,658,375,662,293,877,186,422,149,643,462,356,142,648,690,789,711,446,610,831,803,239,238,198,497,549,789,492,513,229,416,37,777,236,361,775,634,632,833,836,519,653,741,691,688,703,602,244,29,394,98,644,451,662,670,548,770,718,688,833,1025,709,0,334,797,180,326,145,506,567,234,913,646,814,905,340,484,619,443,270,157,826,670,558,963,544,651,870,643,442,801,650,403,501,748,542,613,162,902,147,675,875,234,799,500,416,237,601,435,438,645,381,393,638,545,293,714,539,786,839,677,367,680,871,654,469,484,355,254,807,605,886,647,199,678,266,192,510,445,56,259,164,750,371,526,889,148,307,448
g64,240,511,356,563,584,370,662,504,88,210,403,157,610,460,356,409,885,688,138,501,1000,583,567,560,475,206,355,626,286,689,143,278,326,856,245,610,725,328,311,787,603,221,366,445,822,369,423,702,351,307,537,257,585,368,771,623,494,517,388,869,979,874,643,334,0,945,444,286,473,195,799,532,780,313,888,710,614,498,565,480,573,206,952,342,260,773,223,317,682,308,432,563,858,440,331,900,646,775,400,709,471,813,792,544,547,748,472,250,271,526,692,505,127,220,304,252,595,762,744,924,704,668,125,435,691,327,228,583,111,83,656,273,835,324,469,509,183,145,486,675,280,568,468,677,531,511,756,257,581,120
