Fahrtkosten,g0,g1,g2,g3,g4,g5,g6,g7,g8,g9,g10,g11,g12,g13,g14,g15,g16,g17,g18,g19,g20,g21,g22,g23,g24,g25,g26,g27,g28,g29,g30,g31,g32,g33,g34,g35,g36,g37,g38,g39,g40,g41,g42,g43,g44,g45,g46,g47,g48,g49,g50,g51,g52,g53,g54,g55,g56,g57,g58,g59,g60,g61,g62,g63,g64,g65,g66,g67,g68,g69,g70,g71,g72,g73,g74,g75,g76,g77,g78,g79,g80,g81,g82,g83,g84,g85,g86,g87,g88,g89,g90,g91,g92,g93,g94,g95,g96,g97,g98,g99,g100,g101,g102,g103,g104,g105,g106,g107,g108,g109,g110,g111,g112,g113,g114,g115,g116,g117,g118,g119,g120,g121,g122,g123,g124,g125,g126,g127,g128,g129,g130,g131,g132,g133,g134,g135,g136,g137,g138,g139,g140,g141,g142,g143,g144,g145,g146,g147,g148,g149
g0,0,757,594,267,157,412,482,434,635,455,395,452,466,104,297,186,355,455,215,551,410,453,351,577,474,479,510,202,848,422,464,284,329,599,204,416,230,231,678,608,210,643,71,442,694,465,458,464,668,559,540,316,58,354,886,300,387,489,161,222,432,446,325,226,103,626,126,696,387,110,136,336,187,788,390,575,216,346,248,194,524,565,443,513,441,182,200,580,733,195,299,212,275,467,310,190,167,173,168,297,39,90,242,545,94,237,693,376,271,621,258,781,154,673,515,645,724,205,481,268,327,346,453,322,805,759,593,773,420,322,835,180,652,515,372,818,236,202,229,180,134,665,268,183,178,373,169,266,704,392
g1,757,0,252,502,625,702,847,998,128,307,980,808,311,847,733,880,710,905,546,459,966,312,1003,1246,283,827,598,564,705,1048,426,1001,604,173,553,909,697,685,106,202,961,291,770,942,305,1113,504,374,475,1213,1077,478,798,413,845,767,1019,606,914,710,327,931,480,813,841,151,871,115,385,708,870,849,570,137,524,208,801,499,733,923,505,1232,1048,1082,857,713,800,629,618,594,873,762,897,577,706,920,703,756,925,1037,760,780,866,1151,666,520,846,1109,807,541,1006,752,817,154,242,752,66,645,931,927,997,507,1080,732,692,684,726,67,1137,465,730,935,770,309,870,836,842,853,550,869,824,95,820,878,886,649,905,666,406,398
g2,594,252,0,326,442,455,597,761,148,170,747,783,277,695,501,750,469,861,412,208,730,165,783,1020,201,577,345,435,499,819,436,800,370,232,397,852,609,598,146,292,778,77,587,700,128,886,515,374,249,985,834,397,622,245,625,535,793,353,736,493,241,688,408,712,659,242,718,141,211,519,684,615,415,368,284,80,699,447,510,730,252,1005,815,843,611,505,588,379,394,478,784,546,795,325,646,777,593,645,759,844,586,641,760,916,514,373,597,909,581,299,820,522,692,305,167,504,189,546,685,713,781,457,850,674,476,458,475,225,929,383,515,773,521,79,807,604,739,736,436,741,691,215,732,677,752,617,718,592,206,201
g3,267,502,326,0,123,326,459,535,376,195,509,540,249,368,283,427,295,593,113,322,504,190,513,758,227,446,341,135,657,568,331,500,195,359,75,571,322,313,415,385,461,379,269,501,432,628,373,296,437,729,631,185,300,89,730,312,536,328,416,231,195,495,203,405,340,386,391,431,120,206,369,390,92,554,190,309,392,251,262,421,312,745,574,624,444,221,308,413,536,183,483,275,484,293,383,451,288,336,434,535,263,317,448,682,188,69,592,607,333,414,505,618,372,443,261,516,462,257,512,432,503,259,601,409,618,578,466,510,637,178,653,447,529,249,523,677,430,419,156,418,368,415,433,376,427,391,404,322,457,126
g4,157,625,442,123,0,302,410,439,499,318,408,524,359,261,216,335,254,555,136,396,409,313,400,644,348,401,371,142,706,460,407,378,192,479,91,524,290,285,538,499,338,487,147,418,538,517,429,387,513,617,541,249,179,211,758,237,426,352,295,145,312,416,264,341,218,506,283,553,242,83,246,304,85,673,238,431,329,303,179,298,372,631,470,527,382,119,197,443,588,174,420,174,409,325,365,347,237,273,317,412,144,226,373,578,106,125,586,484,240,471,383,648,289,561,383,524,585,234,441,317,387,308,493,387,664,620,473,633,516,248,696,332,535,363,477,695,361,339,177,327,277,537,377,255,330,399,281,307,547,241
g5,412,702,455,326,302,0,146,320,581,441,317,827,548,503,123,595,59,854,418,278,291,431,381,592,495,128,152,432,462,394,656,448,131,615,365,820,592,587,597,660,483,451,353,250,480,460,699,615,361,552,381,511,392,365,477,141,376,130,464,190,486,236,529,631,398,638,518,597,370,302,402,191,371,798,183,496,620,576,170,419,228,576,381,394,156,230,255,197,362,472,708,217,687,139,668,583,537,568,513,509,377,500,654,472,404,384,284,548,197,281,508,377,566,704,508,233,643,536,229,340,392,583,420,690,417,368,183,681,547,505,440,533,240,394,773,407,646,615,464,591,546,641,671,356,584,698,423,609,432,338
g6,482,847,597,459,410,146,0,225,726,587,240,924,691,556,194,651,164,937,538,408,205,577,327,494,641,20,267,549,503,313,791,425,270,761,486,898,690,687,741,806,491,586,414,144,609,373,828,754,469,452,255,641,446,507,472,182,307,251,487,271,629,127,658,709,437,785,565,739,514,383,430,164,488,944,329,642,698,702,239,427,357,479,290,279,53,308,290,280,429,584,781,270,751,273,769,627,630,652,542,490,444,572,721,360,500,511,242,508,216,382,503,395,635,851,654,243,786,640,99,320,349,709,331,788,460,412,211,822,492,636,472,562,239,539,854,395,718,681,583,649,611,787,751,370,637,809,440,713,548,483
g7,434,998,761,535,439,320,225,0,871,707,41,883,785,468,264,558,293,870,575,598,32,699,130,273,753,242,469,577,728,89,847,251,393,883,530,824,664,665,895,917,346,767,365,81,799,148,864,825,678,232,106,689,380,609,688,230,95,448,364,304,729,98,703,644,348,909,468,900,627,374,326,149,524,1076,477,789,637,740,274,294,548,258,65,88,179,321,247,497,652,596,703,265,662,459,744,515,601,603,419,311,397,512,639,154,492,563,453,305,202,594,339,619,564,971,777,468,943,631,135,178,162,744,106,756,685,638,436,985,277,688,697,437,463,691,786,610,644,600,612,559,536,925,687,262,539,804,317,698,752,605
g8,635,128,148,376,499,581,726,871,0,181,852,732,213,728,607,767,585,821,428,355,839,185,875,1118,166,707,486,448,639,920,356,874,478,104,431,821,595,583,51,162,836,210,645,817,243,985,438,296,394,1085,952,373,674,287,770,640,891,492,790,582,213,807,379,708,716,104,752,81,258,582,745,722,448,222,400,84,696,405,606,797,396,1104,920,956,734,585,672,525,540,482,772,634,793,461,614,803,594,647,803,911,636,663,760,1025,545,399,744,982,679,447,881,669,704,159,122,650,90,539,808,799,869,414,952,641,619,605,620,139,1010,360,659,814,668,187,779,752,737,743,437,756,710,67,719,750,772,567,780,568,339,270
g9,455,307,170,195,318,441,587,707,181,0,685,614,129,550,443,596,432,691,254,289,675,11,701,945,57,569,384,276,626,750,283,694,322,177,251,682,441,430,223,218,655,243,464,660,297,813,356,223,376,914,794,226,493,106,733,476,719,382,609,410,76,651,238,547,535,202,574,242,80,401,563,558,268,369,260,123,535,278,436,616,310,931,752,794,586,409,496,441,510,315,618,459,632,346,476,628,430,483,624,730,455,489,598,858,367,221,654,802,509,394,700,623,535,266,70,564,268,380,659,622,693,288,782,504,595,567,524,317,831,212,635,635,581,119,637,698,576,577,272,585,537,222,565,571,599,448,599,422,359,104
g10,395,980,747,509,408,317,240,41,852,685,0,843,758,427,246,516,283,829,542,593,36,677,95,275,729,255,468,543,742,76,815,212,377,860,499,783,625,626,879,892,305,757,326,101,792,143,830,795,678,238,145,656,340,585,710,212,67,447,323,277,703,117,671,603,307,887,426,884,605,339,285,132,492,1054,464,771,596,706,249,252,543,260,68,120,190,290,212,503,661,561,662,234,621,454,705,474,562,563,378,274,358,472,598,173,455,533,475,274,176,596,300,636,523,948,755,483,926,594,160,136,124,710,104,716,699,651,448,969,253,656,712,396,479,676,745,632,603,558,578,518,495,904,646,221,498,766,275,659,749,584
g11,452,808,783,540,524,827,924,883,732,614,843,0,520,423,731,352,777,107,427,856,861,620,785,976,586,918,878,407,1196,859,382,687,711,640,475,139,234,239,783,606,581,857,524,894,911,889,305,437,966,970,988,390,503,572,1269,742,825,863,542,654,542,898,376,244,535,658,431,812,600,541,561,788,464,759,730,721,249,336,685,607,851,968,883,958,888,616,652,951,1075,361,212,658,266,830,159,411,293,280,499,666,491,370,269,978,424,471,1110,740,722,953,618,1157,324,663,628,1045,813,291,933,709,756,326,887,136,1158,1119,994,856,797,403,1194,488,1056,727,135,1213,253,300,384,345,353,718,203,623,372,166,580,220,966,631
g12,466,311,277,249,359,548,691,785,213,129,758,520,0,546,528,571,530,608,250,418,753,139,759,1003,77,675,507,265,754,816,159,733,421,139,273,607,386,374,265,142,676,354,493,747,405,875,238,97,503,976,879,167,514,183,862,559,783,503,627,480,62,740,169,502,559,164,570,293,179,441,591,639,286,321,373,205,490,192,510,647,438,990,823,873,683,469,554,568,638,288,563,524,586,467,400,614,393,445,630,759,477,475,555,931,372,236,777,835,582,523,723,752,508,206,110,689,299,335,753,676,746,200,849,428,724,696,647,346,871,155,763,638,706,244,566,826,531,542,245,560,517,215,510,612,579,355,626,357,478,215
g13,104,847,695,368,261,503,556,468,728,550,427,423,546,0,383,95,444,402,300,656,450,549,362,560,564,556,611,282,949,436,519,266,431,683,300,356,236,242,773,686,165,746,150,493,797,467,497,530,772,550,571,386,111,452,980,379,403,589,120,313,519,500,391,179,123,709,24,792,486,209,142,399,282,867,494,672,174,401,334,184,628,551,462,538,510,274,266,679,835,260,235,291,197,568,305,85,183,157,91,256,129,76,171,555,183,329,779,335,340,724,209,877,99,752,606,737,817,240,539,291,333,399,464,309,905,858,686,866,387,395,934,93,743,617,318,911,176,131,301,94,70,753,221,206,81,383,157,279,809,494
g14,297,733,501,283,216,123,194,264,607,443,246,731,528,383,0,476,65,748,349,361,232,435,286,518,491,187,260,357,584,317,610,334,131,620,298,711,496,493,632,656,360,515,234,218,553,384,641,579,460,483,351,455,271,348,599,34,292,237,340,77,470,212,472,521,274,646,396,638,364,192,278,115,298,812,219,525,511,515,49,297,315,503,314,350,166,116,131,317,481,391,596,94,571,231,575,461,437,461,389,392,260,387,539,418,306,325,396,438,85,389,387,500,452,709,514,355,680,446,229,230,291,521,349,594,540,491,305,723,445,452,564,409,361,429,666,528,534,499,392,473,430,660,563,234,464,615,299,519,523,341
g15,186,880,750,427,335,595,651,558,767,596,516,352,571,95,476,0,537,316,341,732,541,596,446,625,601,651,697,320,1034,519,517,339,515,711,354,268,211,221,815,706,232,807,242,586,860,543,481,539,849,619,659,405,205,505,1071,474,487,676,197,405,554,593,406,114,217,736,90,836,539,296,233,494,336,886,573,719,115,404,427,266,707,617,547,624,605,365,361,766,919,285,148,385,104,653,262,61,180,132,149,314,218,111,85,634,239,378,873,389,435,805,266,966,63,772,645,829,857,241,634,380,414,400,545,257,991,945,778,906,444,416,1021,137,836,675,234,1002,98,52,329,11,59,784,149,298,20,346,241,255,880,553
g16,355,710,469,295,254,59,164,293,585,432,283,777,530,444,65,537,0,800,377,310,262,423,337,559,484,151,199,389,519,358,626,395,110,609,325,765,542,538,606,650,425,474,294,232,508,425,665,590,403,521,367,477,333,346,536,87,337,176,406,132,469,221,494,576,338,634,459,608,357,246,343,151,328,797,186,501,565,539,111,361,262,544,350,374,153,172,197,252,417,427,652,158,630,175,619,524,485,513,454,454,319,444,597,447,353,348,339,497,144,328,451,436,509,699,501,292,653,488,226,289,345,546,387,640,474,426,242,693,500,472,499,474,298,401,719,466,590,558,422,533,489,642,616,299,525,653,364,561,470,328
g17,455,905,861,593,555,854,937,870,821,691,829,107,608,402,748,316,800,0,480,914,851,696,762,934,669,934,922,458,1249,835,479,654,747,734,522,50,271,279,873,704,547,933,525,891,987,859,406,531,1028,932,973,464,498,638,1312,755,803,904,513,671,623,897,453,229,523,754,404,901,667,556,544,791,508,862,777,804,239,418,700,582,904,927,863,939,897,632,654,995,1128,409,167,667,215,874,216,369,318,286,464,625,494,366,231,950,450,524,1139,694,727,1007,578,1201,308,763,712,1080,905,335,935,693,731,408,861,187,1209,1167,1028,950,751,478,1243,450,1090,800,84,1251,226,270,441,312,335,813,187,608,335,255,556,273,1036,695
g18,215,546,412,113,136,418,538,575,428,254,542,427,250,300,349,341,377,480,0,434,545,255,527,768,263,527,451,23,770,590,272,487,292,384,52,459,210,201,474,392,425,474,247,555,528,645,293,258,548,744,677,114,264,168,842,371,556,436,376,280,218,552,128,301,310,410,324,495,202,205,343,441,51,572,302,377,288,167,314,400,425,755,603,662,515,255,330,524,649,71,376,310,383,403,270,375,182,233,381,510,227,235,348,711,121,44,694,587,376,527,473,730,281,457,306,622,518,145,576,442,510,172,623,296,731,691,572,567,626,115,766,390,635,339,412,787,328,324,46,331,283,452,325,370,345,283,378,209,563,222
g19,551,459,208,322,396,278,408,598,355,289,593,856,418,656,361,732,310,914,434,0,569,278,646,868,343,387,143,457,344,669,568,690,243,424,396,893,644,635,354,480,696,179,520,528,202,736,636,511,117,830,657,473,560,285,444,392,648,156,663,382,362,514,489,725,585,440,677,345,263,451,603,462,412,577,163,276,712,536,387,638,51,853,658,673,432,409,476,170,224,505,803,432,800,139,702,742,609,655,699,744,530,621,764,750,496,390,389,797,446,105,731,334,683,505,331,295,394,579,502,590,652,546,697,729,309,279,266,424,807,460,348,717,313,183,846,410,748,732,474,724,674,422,755,578,727,698,633,642,162,228
g20,410,966,730,504,409,291,205,32,839,675,36,861,753,450,232,541,262,851,545,569,0,667,131,301,721,221,441,547,708,108,817,247,362,851,500,806,639,640,864,885,336,736,340,65,769,172,835,794,650,261,132,659,357,577,674,198,103,420,350,273,697,81,674,624,328,877,450,868,595,346,308,117,495,1044,446,757,616,711,242,280,519,285,90,119,156,290,219,472,629,568,685,234,645,430,720,501,576,581,405,309,372,491,621,186,465,533,439,311,171,567,333,601,544,940,745,448,911,605,123,162,160,715,130,732,665,617,414,953,289,658,677,424,444,660,767,596,625,581,583,542,516,893,667,243,523,778,302,673,723,573
g21,453,312,165,190,313,431,577,699,185,11,677,620,139,549,435,596,423,696,255,278,667,0,694,938,68,559,373,277,616,742,292,689,313,186,249,686,445,433,225,229,651,237,460,651,291,806,365,233,367,907,786,232,490,101,723,468,712,371,606,403,86,642,244,550,531,211,573,243,73,396,560,550,267,377,249,122,537,285,428,611,299,924,744,785,577,402,489,430,500,317,621,452,634,335,481,628,432,485,621,726,452,489,600,851,366,220,643,797,502,384,696,612,536,275,78,553,271,383,649,616,687,295,775,509,585,557,513,320,825,218,624,633,570,110,641,687,578,578,274,586,537,228,568,566,599,454,595,427,351,94
g22,351,1003,783,513,400,381,327,130,875,701,95,785,759,362,286,446,337,762,527,646,131,694,0,244,740,340,532,524,824,74,798,121,415,872,490,714,578,581,906,898,222,801,290,195,840,117,803,785,740,217,218,641,293,596,799,254,42,510,248,293,709,211,653,541,252,899,357,915,620,322,224,189,480,1067,504,798,536,684,272,179,599,231,101,179,274,292,205,575,737,534,594,241,549,512,656,398,516,510,300,180,318,418,530,194,425,526,566,181,203,662,210,721,461,957,771,567,954,556,254,85,32,686,102,664,780,731,529,999,168,643,796,317,565,707,678,722,538,491,557,449,432,923,584,168,426,723,205,616,807,605
g23,577,1246,1020,758,644,592,494,273,1118,945,275,976,1003,560,518,625,559,934,768,868,301,938,244,0,985,513,742,762,992,201,1036,296,650,1117,733,883,792,797,1148,1143,396,1032,524,351,1068,134,1035,1026,951,43,259,880,518,841,937,485,227,721,440,535,954,368,892,734,473,1144,548,1155,865,564,441,408,722,1312,737,1039,731,919,513,385,819,15,210,220,452,537,450,771,923,768,770,485,719,730,865,567,733,717,477,310,549,628,709,142,660,769,704,241,440,868,358,880,657,1202,1015,732,1196,780,397,327,257,921,171,869,951,905,705,1240,183,883,959,488,725,947,856,860,723,676,795,631,629,1167,773,399,605,940,412,834,1024,848
g24,474,283,201,227,348,495,641,753,166,57,729,586,77,564,491,601,484,669,263,343,721,68,740,985,0,623,441,282,677,792,236,726,373,132,271,664,431,420,215,166,679,279,490,709,330,854,314,175,426,955,843,210,516,144,787,523,761,439,632,452,48,701,218,543,560,159,588,239,127,431,590,604,287,327,315,135,531,251,480,644,366,971,796,840,638,447,534,498,562,316,609,500,628,403,457,638,428,481,642,758,479,498,595,903,382,237,711,832,553,449,725,678,538,218,45,621,256,374,710,659,730,261,825,485,647,621,581,305,863,196,687,652,638,166,621,753,572,577,271,590,544,190,556,603,606,420,626,407,401,157
g25,479,827,577,446,401,128,20,242,707,569,255,918,675,556,187,651,151,934,527,387,221,559,340,513,623,0,246,539,487,329,777,435,254,743,475,895,683,680,721,788,497,565,412,161,589,390,816,739,449,471,275,628,446,491,461,179,321,230,491,264,613,145,645,705,438,767,566,719,498,378,433,170,478,926,311,622,695,691,233,432,336,498,307,299,65,302,290,260,410,575,778,267,750,252,762,628,624,647,545,499,441,569,719,380,493,499,233,520,217,362,510,381,633,833,636,228,766,633,119,329,361,697,348,782,444,396,193,802,506,623,457,565,225,519,851,384,716,679,572,649,610,768,747,375,637,801,444,706,528,466
g26,510,598,345,341,371,152,267,469,486,384,468,878,507,611,260,697,199,922,451,143,441,373,532,742,441,246,0,471,337,545,642,594,181,542,403,894,651,644,491,594,617,322,464,394,343,611,699,591,209,702,519,519,504,341,391,286,528,23,593,305,446,379,537,712,520,561,629,485,332,401,530,343,414,708,150,403,700,586,298,555,93,727,531,538,295,341,389,72,225,517,791,347,779,47,719,695,605,644,636,653,482,592,743,618,477,409,270,696,343,129,647,279,657,628,440,182,534,589,364,488,543,595,571,744,294,249,140,566,698,510,325,656,198,301,846,336,732,707,496,690,642,551,748,493,689,732,555,658,284,294
g27,202,564,435,135,142,432,549,577,448,276,543,407,265,282,357,320,389,458,23,457,547,277,524,762,282,539,471,0,791,588,274,478,308,400,68,436,187,178,495,406,413,497,239,559,551,641,288,265,571,740,680,117,253,192,861,379,554,455,363,287,236,558,129,278,300,427,306,516,225,204,333,446,61,586,322,399,265,163,321,390,447,750,602,663,523,259,330,543,671,48,353,314,360,423,249,355,158,210,365,498,218,215,325,709,108,67,710,577,380,549,460,750,259,471,326,640,538,122,583,438,505,167,621,275,752,712,589,587,617,121,787,373,652,363,389,806,304,301,35,309,262,470,302,363,324,266,367,188,586,246
g28,848,705,499,657,706,462,503,728,639,626,742,1196,754,949,584,1034,519,1249,770,344,708,616,824,992,677,487,337,791,0,816,908,906,519,731,727,1224,977,969,616,791,945,429,801,647,401,876,979,850,251,950,738,816,841,629,149,603,808,359,924,640,701,630,833,1047,854,740,966,594,607,739,862,640,740,840,472,579,1034,880,628,881,345,978,793,773,552,677,716,269,120,840,1125,676,1115,382,1040,1033,936,978,971,968,819,929,1080,853,812,726,302,1000,659,243,969,117,994,799,656,260,640,913,596,798,842,890,834,1066,44,93,294,648,991,804,40,990,267,510,1176,180,1067,1044,812,1028,980,704,1081,818,1026,1041,884,979,301,572
g29,422,1048,819,568,460,394,313,89,920,750,76,859,816,436,317,519,358,835,590,669,108,742,74,201,792,329,545,588,816,0,862,189,449,924,551,788,650,653,948,953,294,831,359,169,867,67,871,847,755,165,152,704,365,647,778,284,34,524,322,339,763,186,718,615,325,950,432,955,669,385,298,207,542,1118,536,840,610,750,314,253,620,186,33,108,264,346,262,579,737,601,668,292,623,531,729,471,588,583,373,241,389,491,604,122,493,586,543,221,241,673,277,708,535,1010,820,556,996,626,225,154,104,753,33,738,773,725,522,1040,189,706,785,390,551,746,753,700,612,565,623,523,506,970,658,240,500,795,280,688,826,651
g30,464,426,436,331,407,656,791,847,356,283,815,382,159,519,610,517,626,479,272,568,817,292,798,1036,236,777,642,274,908,862,0,747,525,260,317,488,309,298,407,224,671,514,511,823,564,915,81,62,660,1013,948,158,520,301,1011,636,828,634,621,548,207,819,144,424,567,276,541,437,311,477,600,710,322,387,497,363,416,118,581,658,582,1023,875,934,774,526,602,707,791,269,469,582,504,598,293,570,341,384,610,761,487,443,479,983,376,285,908,840,647,674,718,900,455,284,269,824,433,280,839,712,779,120,895,316,877,847,778,475,884,159,916,613,839,401,452,970,453,477,240,506,472,337,420,636,530,226,633,268,638,348
g31,284,1001,800,500,378,448,425,251,874,694,212,687,733,266,334,339,395,654,487,690,247,689,121,296,726,435,594,478,906,189,747,0,448,857,460,605,496,501,911,875,107,829,240,308,873,204,742,744,794,284,339,596,227,588,896,308,162,571,145,311,689,322,606,442,180,884,256,923,616,294,147,268,447,1051,535,802,439,630,303,90,647,286,220,297,372,294,215,646,810,478,487,259,440,565,570,286,437,421,190,64,261,332,424,296,372,496,668,109,251,723,89,810,364,937,761,657,958,485,366,108,89,630,209,575,861,813,614,1005,138,600,881,204,657,721,573,819,435,388,509,344,335,915,483,123,319,644,116,538,853,608
g32,329,604,370,195,192,131,270,393,478,322,377,711,421,431,131,515,110,747,292,243,362,313,415,650,373,254,181,308,519,449,525,448,0,499,240,717,479,473,502,539,453,386,286,339,426,515,568,485,353,614,474,381,326,237,565,165,423,161,422,139,360,330,399,533,346,523,449,506,246,221,361,245,248,688,88,395,521,446,146,395,204,635,445,478,264,167,233,252,404,351,611,189,597,137,551,516,429,466,462,501,302,411,563,548,299,256,402,556,212,294,488,456,476,588,391,334,549,419,336,351,417,453,480,575,476,430,282,591,569,374,506,481,345,298,669,504,551,526,338,509,461,534,570,334,508,574,390,491,405,218
g33,599,173,232,359,479,615,761,883,104,177,860,640,139,683,620,711,609,734,384,424,851,186,872,1117,132,743,542,400,731,924,260,857,499,0,399,737,524,512,151,60,806,304,619,837,343,986,340,203,481,1087,972,306,644,276,855,653,893,544,758,584,168,828,308,640,688,27,707,182,256,562,719,735,414,195,432,152,629,326,611,774,458,1103,927,970,762,579,666,590,625,426,700,632,725,510,533,753,533,585,765,887,606,614,694,1034,505,364,808,962,684,524,853,751,647,89,107,716,173,474,835,792,862,334,956,560,707,689,680,216,994,295,747,774,733,242,698,831,670,682,383,700,656,78,647,734,718,479,754,493,434,281
g34,204,553,397,75,91,365,486,530,431,251,499,475,273,300,298,354,325,522,52,396,500,249,490,733,271,475,403,68,727,551,317,460,240,399,0,498,250,242,474,415,408,453,221,506,506,607,343,296,512,707,631,159,245,152,794,321,517,388,360,231,231,503,175,330,289,426,324,492,186,169,320,393,18,591,256,371,317,217,265,375,383,720,561,618,464,209,288,476,606,114,407,265,408,355,316,380,213,260,372,488,207,244,372,669,117,36,642,563,330,485,454,682,297,477,311,572,519,186,526,406,475,223,584,341,687,646,521,568,598,157,721,384,584,320,450,738,354,344,98,344,295,462,359,339,355,334,355,255,532,198
g35,416,909,852,571,524,820,898,824,821,682,783,139,607,356,711,268,765,50,459,893,806,686,714,883,664,895,894,436,1224,788,488,605,717,737,498,0,249,258,872,711,498,921,485,848,976,810,418,535,1008,882,927,456,456,622,1282,716,756,876,465,635,617,854,446,189,478,758,357,900,652,519,498,749,484,874,752,798,200,415,662,535,881,877,815,892,856,595,613,966,1104,388,121,628,165,847,207,319,288,252,415,575,454,326,185,901,418,504,1104,643,686,983,528,1173,265,772,708,1048,906,314,892,647,683,406,813,179,1183,1141,996,952,701,469,1217,401,1057,788,47,1220,182,224,423,265,291,816,148,563,287,262,509,259,1020,679
g36,230,697,609,322,290,592,690,664,595,441,625,234,386,236,496,211,542,271,210,644,639,445,578,792,431,683,651,187,977,650,309,496,479,524,250,249,0,12,645,511,401,676,299,667,731,690,270,337,759,779,770,222,286,374,1042,508,616,635,353,419,383,670,217,117,325,548,253,671,405,308,355,558,237,687,506,561,107,202,451,408,633,782,672,743,655,382,424,724,857,139,177,426,200,604,80,268,63,81,326,492,267,164,171,772,190,255,877,571,491,736,445,931,152,576,476,813,684,65,703,497,552,196,681,98,937,896,762,732,622,235,972,324,824,542,202,983,146,168,175,200,175,601,124,410,225,147,381,44,771,430
g37,231,685,598,313,285,587,687,665,583,430,626,239,374,242,493,221,538,279,201,635,640,433,581,797,420,680,644,178,969,653,298,501,473,512,242,258,12,0,633,499,407,665,300,667,720,693,261,326,749,783,771,210,288,363,1035,506,618,628,359,416,372,669,205,129,328,536,260,659,395,306,359,557,229,675,498,550,118,190,448,413,625,787,674,745,653,379,424,717,849,130,189,425,212,596,82,277,64,89,333,498,268,169,183,775,186,245,871,577,490,727,451,924,161,564,464,807,672,56,701,499,555,185,683,102,929,888,756,720,628,223,964,331,818,531,212,976,158,179,164,210,183,589,136,413,235,143,385,37,761,420
g38,678,106,146,415,538,597,741,895,51,223,879,783,265,773,632,815,606,873,474,354,864,225,906,1148,215,721,491,495,616,948,407,911,502,151,474,872,645,633,0,205,876,192,685,838,215,1014,489,348,378,1114,973,423,715,326,752,666,920,500,831,613,263,827,430,758,756,145,797,30,295,620,784,747,491,227,420,109,746,457,635,835,399,1133,947,979,752,619,705,524,523,530,823,665,843,471,665,850,643,696,847,950,678,710,810,1050,590,443,742,1019,707,439,921,655,752,190,170,648,48,589,826,832,902,466,980,693,599,589,621,94,1045,410,638,858,666,204,831,738,787,792,486,804,757,92,770,787,819,619,819,619,315,302
g39,608,202,292,385,499,660,806,917,162,218,892,606,142,686,656,706,650,704,392,480,885,229,898,1143,166,788,594,406,791,953,224,875,539,60,415,711,511,499,205,0,818,364,635,875,403,1013,302,176,541,1114,1008,301,656,308,915,688,921,595,769,614,189,867,300,628,702,60,710,236,293,582,734,769,428,180,478,212,617,308,643,790,513,1129,958,1005,804,606,692,646,685,426,682,660,711,560,510,751,526,576,771,901,619,614,682,1066,514,379,863,978,716,582,865,810,642,65,154,771,218,466,876,816,886,315,986,536,767,748,734,256,1013,292,807,778,788,298,674,889,657,673,384,695,654,119,630,754,715,449,769,476,495,322
g40,210,961,778,461,338,483,491,346,836,655,305,581,676,165,360,232,425,547,425,696,336,651,222,396,679,497,617,413,945,294,671,107,453,806,408,498,401,407,876,818,0,816,191,392,864,312,657,674,806,388,441,527,162,550,950,342,264,595,50,315,639,403,535,338,120,834,152,892,581,259,94,326,392,997,534,770,335,552,319,64,658,387,324,401,439,287,228,677,841,403,380,270,332,583,471,178,346,323,83,90,200,238,317,404,304,442,730,170,288,743,47,857,261,882,718,707,923,399,447,176,190,552,316,474,900,852,660,971,221,533,923,97,710,699,466,876,328,281,439,237,233,870,378,126,212,548,63,444,857,579
g41,643,291,77,379,487,451,586,767,210,243,757,857,354,746,515,807,474,933,474,179,736,237,801,1032,279,565,322,497,429,831,514,829,386,304,453,921,676,665,192,364,816,0,629,701,54,898,592,452,186,995,832,469,665,305,561,548,808,335,777,518,317,687,481,775,699,311,769,175,272,559,722,624,470,419,297,156,763,522,531,765,229,1017,824,845,607,535,614,343,331,542,849,571,857,314,717,829,656,708,804,877,631,696,822,921,568,432,556,938,598,250,857,463,750,370,245,463,224,612,679,736,803,532,861,745,409,397,440,248,954,455,449,820,480,134,876,546,802,796,502,798,747,275,798,709,807,692,755,662,130,254
g42,71,770,587,269,147,353,414,365,645,464,326,524,493,150,234,242,294,525,247,520,340,460,290,524,490,412,464,239,801,359,511,240,286,619,221,485,299,300,685,635,191,629,0,370,678,406,513,504,635,503,471,357,40,358,830,233,324,442,148,163,451,374,368,296,71,647,165,700,389,70,99,265,207,812,357,578,286,395,184,154,487,512,377,446,371,124,129,531,689,244,367,144,338,423,379,232,236,244,178,267,32,159,307,481,136,256,630,342,201,580,236,727,221,698,528,587,732,268,410,205,268,397,391,393,757,710,536,780,379,361,785,196,593,508,441,760,304,267,271,239,198,681,338,124,230,439,135,333,678,388
g43,442,942,700,501,418,250,144,81,817,660,101,894,747,493,218,586,232,891,555,528,65,651,195,351,709,161,394,559,647,169,823,308,339,837,506,848,667,667,838,875,392,701,370,0,730,229,847,796,603,310,135,666,393,567,609,188,168,375,401,275,689,17,682,662,370,862,496,841,582,365,353,113,503,1028,418,734,654,721,241,333,477,336,146,144,100,300,243,419,572,585,727,247,690,389,748,550,605,615,457,371,403,527,664,223,486,537,374,376,180,518,393,538,583,926,730,387,885,628,58,216,223,726,187,763,604,557,355,925,354,664,616,476,382,634,807,531,666,623,595,586,556,873,705,288,569,801,352,698,679,556
g44,694,305,128,432,538,480,609,799,243,297,792,911,405,797,553,860,508,987,528,202,769,291,840,1068,330,589,343,551,401,867,564,873,426,343,506,976,731,720,215,403,864,54,678,730,0,934,643,502,174,1029,859,523,715,359,540,586,844,358,826,561,370,716,535,830,747,347,820,193,326,608,769,660,524,438,338,202,817,575,572,811,253,1052,858,875,634,581,657,352,314,597,904,614,911,341,771,881,710,762,854,922,681,749,876,952,620,486,558,981,637,252,903,448,804,402,294,466,239,667,705,778,843,585,896,799,387,380,449,252,996,509,425,870,483,189,930,533,856,850,556,851,800,305,852,754,859,745,802,716,101,307
g45,465,1113,886,628,517,460,373,148,985,813,143,889,875,467,384,543,425,859,645,736,172,806,117,134,854,390,611,641,876,67,915,204,515,986,607,810,690,693,1014,1013,312,898,406,229,934,0,920,902,821,101,175,758,407,709,833,350,93,590,348,403,824,246,771,645,365,1012,459,1021,732,439,334,274,598,1181,603,905,641,801,379,283,687,119,83,127,327,406,321,644,800,651,691,353,644,598,766,490,629,619,394,242,434,527,628,94,543,643,597,201,306,739,285,767,566,1072,883,616,1062,671,281,203,138,803,42,773,834,786,584,1105,155,760,845,409,611,812,777,755,639,592,675,548,537,1034,687,283,523,836,311,729,893,715
g46,458,504,515,373,429,699,828,864,438,356,830,305,238,497,641,481,665,406,293,636,835,365,803,1035,314,816,699,288,979,871,81,742,568,340,343,418,270,261,489,302,657,592,513,847,643,920,0,142,732,1016,968,187,516,359,1076,664,836,690,607,573,279,845,170,379,562,356,517,519,374,490,594,733,344,456,551,443,372,126,607,652,646,1023,887,950,807,547,617,767,860,269,414,602,454,654,236,538,314,350,589,748,486,421,432,993,377,317,961,828,668,741,703,964,422,358,349,881,514,258,869,718,782,121,903,256,946,914,833,555,875,194,984,589,895,475,386,1032,407,437,252,470,443,417,368,637,496,158,626,226,714,411
g47,464,374,374,296,387,615,754,825,296,223,795,437,97,530,579,539,590,531,258,511,794,233,785,1026,175,739,591,265,850,847,62,744,485,203,296,535,337,326,348,176,674,452,504,796,502,902,142,0,600,1002,924,147,518,253,955,607,813,585,624,522,149,791,139,454,565,222,553,377,259,463,597,684,304,349,450,301,444,135,554,655,528,1013,857,913,741,504,584,655,733,271,507,560,537,549,334,588,359,407,619,762,482,455,509,965,372,261,859,841,623,617,722,844,475,239,207,774,375,298,808,700,768,141,880,360,819,790,729,419,882,143,858,624,789,341,498,916,484,503,235,528,490,281,455,628,550,275,632,301,576,296
g48,668,475,249,437,513,361,469,678,394,376,678,966,503,772,460,849,403,1028,548,117,650,367,740,951,426,449,209,571,251,755,660,794,353,481,512,1008,759,749,378,541,806,186,635,603,174,821,732,600,0,911,724,579,675,393,376,489,737,230,775,491,453,587,594,842,698,492,793,360,367,566,714,552,528,605,278,328,829,640,492,747,148,936,741,746,503,520,583,193,145,620,920,539,917,229,814,858,725,772,813,850,646,739,881,826,613,504,386,899,545,88,840,277,800,553,404,296,408,693,568,691,749,650,781,841,226,211,286,426,904,566,266,831,313,259,961,361,865,849,587,841,791,460,871,686,844,805,743,754,84,335
g49,559,1213,985,729,617,552,452,232,1085,914,238,970,976,550,483,619,521,932,744,830,261,907,217,43,955,471,702,740,950,165,1013,284,614,1087,707,882,779,783,1114,1114,388,995,503,310,1029,101,1016,1002,911,0,216,857,500,811,894,449,194,681,429,504,925,326,869,726,456,1114,539,1120,833,539,424,370,697,1282,701,1006,722,898,479,370,780,29,171,177,410,508,421,729,881,747,766,455,717,691,854,563,719,705,470,307,530,615,704,99,639,743,661,244,406,827,354,837,648,1173,984,690,1162,764,354,301,234,900,134,859,908,862,662,1205,187,859,916,482,683,912,852,817,717,669,773,625,619,1135,766,378,599,926,397,819,985,816
g50,540,1077,834,631,541,381,255,106,952,794,145,988,879,571,351,659,367,973,677,657,132,786,218,259,843,275,519,680,738,152,948,339,474,972,631,927,770,771,973,1008,441,832,471,135,859,175,968,924,724,216,0,790,486,700,678,320,177,501,463,401,822,145,805,748,453,997,570,975,716,478,429,240,626,1162,553,868,742,843,369,393,606,246,119,47,225,422,352,535,678,701,806,366,764,518,850,615,707,709,517,393,503,618,742,117,597,663,445,369,301,637,428,624,668,1060,864,480,1020,737,155,280,251,847,143,862,698,653,458,1059,329,789,704,535,472,768,890,601,748,703,715,662,640,1008,792,366,641,909,418,804,803,691
g51,316,478,397,185,249,511,641,689,373,226,656,390,167,386,455,405,477,464,114,473,659,232,641,880,210,628,519,117,816,704,158,596,381,306,159,456,222,210,423,301,527,469,357,666,523,758,187,147,579,857,790,0,370,187,904,480,670,508,477,391,162,663,17,335,417,331,409,449,211,319,450,552,164,482,369,342,324,66,424,507,475,868,717,776,621,368,444,589,696,125,399,424,420,473,249,450,226,278,473,614,335,313,388,825,224,130,777,693,489,574,574,791,341,367,255,698,462,167,684,555,623,75,737,277,781,745,650,510,734,13,818,479,712,337,411,855,365,375,87,394,352,382,346,481,413,226,484,197,576,244
g52,58,798,622,300,179,392,446,380,674,493,340,503,514,111,271,205,333,498,264,560,357,490,293,518,516,446,504,253,841,365,520,227,326,644,245,456,286,288,715,656,162,665,40,393,715,407,516,518,675,500,486,370,0,388,869,268,330,482,116,203,476,399,380,268,46,671,125,731,420,108,79,293,229,835,397,609,260,403,222,137,528,507,386,458,402,164,157,571,729,251,336,179,304,463,365,192,223,223,140,245,37,133,275,487,145,280,667,323,231,621,209,767,191,720,555,625,761,263,436,211,268,403,395,376,797,750,575,810,364,375,825,156,632,542,414,799,274,234,282,203,165,707,312,125,193,430,113,323,717,421
g53,354,413,245,89,211,365,507,609,287,106,585,572,183,452,348,505,346,638,168,285,577,101,596,841,144,491,341,192,629,647,301,588,237,276,152,622,374,363,326,308,550,305,358,567,359,709,359,253,393,811,700,187,388,0,719,380,616,333,504,307,123,559,204,470,429,303,476,343,34,294,458,461,170,471,196,221,457,251,335,510,289,827,651,696,500,304,391,408,509,237,544,355,552,297,422,533,351,402,521,624,351,396,516,758,269,127,607,695,408,387,594,606,447,363,174,523,373,309,571,517,588,261,680,450,593,558,477,421,724,175,631,534,538,171,575,673,496,492,199,495,446,327,493,464,507,412,493,364,398,58
g54,886,845,625,730,758,477,472,688,770,733,710,1269,862,980,599,1071,536,1312,842,444,674,723,799,937,787,461,391,861,149,778,1011,896,565,855,794,1282,1042,1035,752,915,950,561,830,609,540,833,1076,955,376,894,678,904,869,719,0,610,777,407,937,666,806,592,921,1098,874,867,995,732,702,775,876,628,805,978,540,703,1086,969,647,885,430,923,751,718,525,706,728,318,230,908,1176,693,1159,438,1110,1060,994,1031,988,960,853,972,1125,795,864,800,235,981,662,338,969,112,1038,929,772,244,779,980,553,789,822,979,791,1135,153,167,293,790,963,893,116,1008,240,623,1235,78,1115,1087,886,1066,1020,836,1135,825,1060,1121,893,1049,439,665
g55,300,767,535,312,237,141,182,230,640,476,212,742,559,379,34,474,87,755,371,392,198,468,254,485,523,179,286,379,603,284,636,308,165,653,321,716,508,506,666,688,342,548,233,188,586,350,664,607,489,449,320,480,268,380,610,0,259,263,327,92,501,183,497,526,265,679,391,672,397,200,265,81,320,846,252,559,516,538,58,278,346,470,280,317,147,126,117,338,503,409,599,89,572,260,588,455,448,469,378,368,262,390,541,384,319,351,400,410,57,415,366,515,454,741,547,366,714,461,204,202,260,544,315,606,558,510,318,757,415,477,581,398,370,463,672,537,536,500,414,471,431,694,568,216,461,632,283,533,553,374
g56,387,1019,793,536,426,376,307,95,891,719,67,825,783,403,292,487,337,803,556,648,103,712,42,227,761,321,528,554,808,34,828,162,423,893,517,756,616,618,920,921,264,808,324,168,844,93,836,813,737,194,177,670,330,616,777,259,0,506,290,309,731,184,684,582,291,919,399,928,639,351,264,185,508,1088,511,812,576,716,285,221,599,212,59,137,256,314,229,566,726,567,635,260,591,511,694,440,553,549,342,218,354,457,571,157,459,552,543,209,213,657,251,703,502,979,790,550,968,592,226,119,74,718,67,703,765,717,514,1012,186,672,779,359,546,719,720,699,579,533,588,490,473,941,625,205,468,760,247,653,807,622
g57,489,606,353,328,352,130,251,448,492,382,447,863,503,589,237,676,176,904,436,156,420,371,510,721,439,230,23,455,359,524,634,571,161,544,388,876,635,628,500,595,595,335,442,375,358,590,690,585,230,681,501,508,482,333,407,263,506,0,570,283,442,360,526,693,497,564,607,494,326,380,508,321,398,714,139,408,681,575,275,532,106,706,511,520,277,318,366,91,247,502,772,324,759,36,704,674,587,626,614,629,460,572,724,598,459,395,274,673,320,152,624,296,637,631,440,190,543,573,346,465,520,583,550,728,315,269,144,576,676,499,345,633,205,306,828,350,712,687,482,670,622,556,729,470,667,718,532,643,303,289
g58,161,914,736,416,295,464,487,364,790,609,323,542,627,120,340,197,406,513,376,663,350,606,248,440,632,491,593,363,924,322,621,145,422,758,360,465,353,359,831,769,50,777,148,401,826,348,607,624,775,429,463,477,116,504,937,327,290,570,0,287,591,410,485,297,78,785,111,847,536,218,62,323,344,948,500,725,293,502,296,70,627,430,350,427,437,255,209,655,817,353,345,247,301,556,425,151,297,277,56,140,153,189,281,437,255,395,722,220,276,715,97,841,218,833,671,693,878,349,453,187,217,502,347,429,880,832,645,926,269,483,905,76,697,657,431,864,291,244,389,201,190,823,339,116,178,501,48,396,823,536
g59,222,710,493,231,145,190,271,304,582,410,277,654,480,313,77,405,132,671,280,382,273,403,293,535,452,264,305,287,640,339,548,311,139,584,231,635,419,416,613,614,315,518,163,275,561,403,573,522,491,504,401,391,203,307,666,92,309,283,287,0,425,272,407,445,214,610,329,622,329,115,225,162,229,778,224,505,434,447,34,256,343,521,344,392,238,40,96,370,530,317,520,52,497,268,498,395,360,384,331,362,187,312,465,451,229,262,470,419,102,428,349,563,377,671,480,423,661,370,296,220,288,452,372,517,596,548,372,706,437,389,622,350,430,416,589,597,458,425,322,401,357,631,486,195,394,540,252,443,545,312
g60,432,327,241,195,312,486,629,729,213,76,703,542,62,519,470,554,469,623,218,362,697,86,709,954,48,613,446,236,701,763,207,689,360,168,231,617,383,372,263,189,639,317,451,689,370,824,279,149,453,925,822,162,476,123,806,501,731,442,591,425,0,682,171,495,520,195,543,287,117,395,551,582,246,361,311,180,483,206,454,606,379,940,769,817,623,417,503,508,585,268,561,471,580,406,410,592,380,433,598,719,438,452,547,877,339,196,716,794,527,467,685,695,491,248,93,629,303,326,694,627,698,216,796,438,670,641,586,352,827,148,709,608,645,195,574,768,524,530,224,543,497,233,508,567,559,376,586,360,435,153
g61,446,931,688,495,416,236,127,98,807,651,117,898,740,500,212,593,221,897,552,514,81,642,211,368,701,145,379,558,630,186,819,322,330,828,503,854,670,669,827,867,403,687,374,17,716,246,845,791,587,326,145,663,399,559,592,183,184,360,410,272,682,0,679,667,377,853,504,829,573,365,361,113,501,1018,407,723,659,719,238,343,463,353,163,159,84,299,246,403,556,585,733,247,697,375,751,559,607,619,466,385,406,531,671,238,487,534,358,392,180,502,406,521,589,918,721,370,874,629,44,227,237,724,204,766,587,540,338,914,370,660,599,486,365,622,813,514,672,630,593,593,563,864,711,297,577,802,362,700,664,547
g62,325,480,408,203,264,529,658,703,379,238,671,376,169,391,472,406,494,453,128,489,674,244,653,892,218,645,537,129,833,718,144,606,399,308,175,446,217,205,430,300,535,481,368,682,535,771,170,139,594,869,805,17,380,204,921,497,684,526,485,407,171,679,0,332,426,333,414,456,227,333,459,568,179,480,387,352,321,48,440,517,492,880,731,790,637,383,458,607,713,132,394,439,417,490,239,452,226,277,479,623,345,317,386,838,234,147,794,702,504,591,582,808,342,366,262,716,467,166,701,568,635,57,751,267,797,762,668,515,744,28,835,484,730,351,402,872,361,374,97,395,354,384,341,493,415,212,493,189,590,261
g63,226,813,712,405,341,631,709,644,708,547,603,244,502,179,521,114,576,229,301,725,624,550,541,734,543,705,712,278,1047,615,424,442,533,640,330,189,117,129,758,628,338,775,296,662,830,645,379,454,842,726,748,335,268,470,1098,526,582,693,297,445,495,667,332,0,295,664,186,782,503,330,319,561,314,804,575,669,13,319,473,363,707,725,641,716,667,405,424,785,928,233,78,438,85,666,150,175,119,69,256,424,265,136,54,734,235,344,915,500,497,809,376,990,80,693,588,861,797,169,705,468,512,313,643,143,1005,961,810,845,555,348,1038,247,870,641,145,1034,29,62,275,105,109,717,43,382,133,235,336,156,862,524
g64,103,841,659,340,218,398,437,348,716,535,307,535,559,123,274,217,338,523,310,585,328,531,252,473,560,438,520,300,854,325,567,180,346,688,289,478,325,328,756,702,120,699,71,370,747,365,562,565,698,456,453,417,46,429,874,265,291,497,78,214,520,377,426,295,0,715,128,772,460,140,33,277,274,880,422,649,288,449,227,90,550,462,349,422,389,179,148,584,745,297,357,180,320,481,403,190,264,258,116,199,82,166,294,447,192,324,665,276,221,640,165,774,215,766,598,629,803,307,416,174,226,450,355,412,810,762,580,851,317,422,836,136,635,579,438,802,297,253,329,216,187,751,339,87,201,471,67,364,745,459
