Fahrtkosten,g0,g1,g2,g3,g4,g5,g6,g7,g8,g9,g10,g11,g12,g13,g14,g15,g16,g17,g18,g19,g20,g21,g22,g23,g24,g25,g26,g27,g28,g29,g30,g31,g32,g33,g34,g35,g36,g37,g38,g39,g40,g41,g42,g43,g44,g45,g46,g47,g48,g49,g50,g51,g52,g53,g54,g55,g56,g57,g58,g59,g60,g61,g62,g63,g64,g65,g66,g67,g68,g69,g70,g71,g72,g73,g74,g75,g76,g77,g78,g79,g80,g81,g82,g83,g84,g85,g86,g87,g88,g89,g90,g91,g92,g93,g94,g95,g96,g97,g98,g99
g0,0,521,707,50,483,349,418,713,158,665,365,366,449,167,410,667,619,712,469,90,151,680,351,501,124,205,377,806,337,489,626,340,331,278,839,194,552,349,643,535,184,444,388,204,678,318,832,406,561,517,317,330,126,412,556,238,128,469,640,144,256,258,700,796,652,715,588,117,474,494,329,231,488,690,869,483,49,489,565,329,646,338,582,769,723,343,309,550,643,267,248,556,733,481,439,140,370,342,321,444
g1,521,0,733,571,327,188,847,299,402,447,556,187,129,412,135,620,307,525,382,593,672,280,523,689,495,535,866,644,448,318,323,340,733,243,819,396,529,214,438,17,683,581,253,344,633,476,425,645,634,414,430,745,621,567,38,329,479,145,782,526,576,268,203,562,444,195,408,452,49,65,686,371,444,701,839,914,549,881,134,357,189,366,581,344,414,203,758,245,425,738,276,464,527,77,524,549,173,193,763,277
g2,707,733,0,719,979,619,592,598,586,349,343,596,610,788,627,127,480,297,1009,785,779,576,356,247,809,507,723,263,958,414,467,890,530,685,134,548,206,781,341,730,683,1101,860,753,117,959,612,334,145,318,933,549,668,1072,733,782,804,588,160,841,952,709,727,358,341,852,342,772,728,776,469,526,1059,34,165,622,676,541,629,447,652,433,155,623,456,759,605,504,357,639,640,269,319,657,1071,579,615,738,596,460
g3,50,571,719,0,527,398,385,758,199,699,376,414,497,210,459,688,660,743,510,66,102,725,365,503,152,212,333,833,370,527,667,383,306,328,853,230,575,399,677,585,141,465,435,252,698,347,875,406,573,549,352,303,89,434,606,285,161,516,642,162,268,308,748,829,686,765,622,157,524,545,314,268,525,705,883,447,43,460,612,364,694,372,601,813,762,393,275,593,678,230,297,584,765,530,467,140,418,392,288,485
g4,483,327,979,527,0,360,895,626,462,751,711,386,399,317,366,885,623,826,62,510,604,608,681,863,385,614,860,945,205,588,638,143,796,302,1086,485,775,199,738,342,668,288,121,290,898,242,751,790,854,675,206,800,609,285,357,252,372,429,984,398,378,287,512,876,745,427,696,369,296,261,772,486,121,951,1111,962,530,957,459,538,515,551,825,669,735,221,788,551,727,750,353,729,833,372,225,587,368,241,799,532
g5,349,188,619,398,360,0,659,376,216,411,385,28,101,280,61,524,312,481,395,430,500,346,352,528,353,348,680,598,387,234,324,293,546,99,725,208,414,166,395,198,499,535,243,214,537,403,503,472,499,316,363,558,439,513,217,219,338,125,637,388,465,134,350,544,403,381,347,306,150,190,500,184,450,590,750,726,371,696,216,190,298,202,464,431,428,143,570,235,387,550,103,369,493,133,490,362,20,121,575,176
g6,418,847,592,385,895,659,0,924,455,760,352,660,734,584,712,633,797,767,887,430,358,891,375,349,537,311,145,809,755,653,796,755,114,636,717,452,562,733,739,856,250,847,789,606,637,732,1010,289,481,614,735,101,295,816,873,644,544,738,449,546,642,631,974,856,746,1036,695,535,809,844,173,475,907,596,746,68,369,89,832,512,903,508,555,974,860,720,110,757,748,157,587,617,794,782,852,312,673,711,97,642
g7,713,299,598,758,626,376,924,0,559,250,577,353,278,656,322,471,132,316,681,799,859,33,550,660,729,639,987,418,734,271,139,627,813,473,640,534,432,492,256,283,832,874,547,588,481,758,129,658,555,330,714,830,778,857,269,587,715,250,702,765,838,506,153,312,256,295,266,682,335,364,750,497,743,564,653,984,723,930,173,422,112,422,475,55,157,475,861,170,240,858,477,355,304,272,819,683,355,457,862,287
g8,158,402,586,199,462,216,455,559,0,507,265,225,308,203,275,530,461,558,469,248,299,526,240,416,227,153,464,657,381,330,468,337,346,181,713,39,411,282,486,413,284,517,346,182,541,377,676,333,443,363,356,355,224,488,433,218,219,324,548,262,369,180,561,640,495,596,431,186,359,391,313,73,506,565,742,523,163,504,421,172,501,183,448,615,564,267,359,394,485,336,131,405,578,348,494,148,234,256,366,286
g9,665,447,349,699,751,411,760,250,507,0,410,383,352,668,387,222,146,77,796,755,790,231,393,449,723,526,852,196,798,184,131,704,660,506,394,471,209,572,22,439,733,947,645,611,232,812,273,474,327,155,774,679,690,924,435,625,711,321,465,760,855,539,388,135,14,523,77,677,461,505,592,434,854,315,409,813,658,747,320,336,319,327,241,274,112,550,722,202,24,733,484,143,82,383,902,588,397,528,719,240
g10,365,556,343,376,711,385,352,577,265,410,0,373,429,466,422,324,447,426,727,442,440,544,33,152,474,164,443,488,646,307,445,597,249,410,476,232,226,517,389,561,353,780,591,446,332,641,658,89,197,261,621,269,328,750,574,480,470,424,284,504,616,424,645,516,396,729,343,442,529,573,182,225,768,329,506,409,333,353,508,198,570,189,237,625,508,497,313,415,397,330,358,268,451,482,759,237,391,480,309,307
g11,366,187,596,414,386,28,660,353,225,383,373,0,83,306,52,499,284,453,422,449,516,322,340,514,376,349,686,569,416,206,296,321,546,127,700,213,391,193,366,196,510,564,270,240,512,431,478,462,478,290,392,559,450,541,213,247,362,103,619,413,491,161,336,516,374,377,319,329,156,200,498,185,477,566,725,727,384,693,198,176,279,187,441,408,400,170,573,207,358,557,124,343,464,124,518,369,18,148,578,148
g12,449,129,610,497,399,101,734,278,308,352,429,83,0,378,45,501,230,427,444,531,600,249,397,560,453,425,767,546,466,198,245,364,620,195,702,294,404,227,338,131,592,611,295,310,514,486,406,519,506,292,444,634,533,591,144,310,438,31,653,488,560,228,252,478,346,303,299,406,118,165,568,263,504,578,725,801,468,763,115,232,197,240,456,332,347,207,652,155,328,637,204,344,434,52,561,450,80,187,656,150
g13,167,412,788,210,317,280,584,656,203,668,466,306,378,0,333,724,588,729,303,200,292,626,442,616,84,330,543,837,183,484,599,173,490,183,913,240,606,209,649,428,350,314,230,68,736,174,783,528,646,540,159,492,293,285,450,86,68,405,750,114,187,150,609,804,657,596,595,52,362,370,478,263,325,766,942,649,215,651,489,354,570,367,646,710,702,211,475,512,644,435,186,588,746,394,294,285,300,219,487,429
g14,410,135,627,459,366,61,712,322,275,387,422,52,45,333,0,524,272,461,408,490,561,294,389,560,409,402,738,580,422,222,286,322,599,150,726,265,421,186,373,143,560,568,257,265,537,442,451,511,516,313,400,612,499,548,160,265,394,75,660,444,515,183,289,516,380,324,330,363,108,154,550,237,467,597,749,779,432,746,157,223,239,234,472,377,389,165,626,196,363,608,163,366,469,72,519,420,41,144,631,169
g15,667,620,127,688,885,524,633,471,530,222,324,499,501,724,524,0,354,175,919,752,761,450,326,287,757,482,750,176,885,303,341,807,552,600,201,490,118,689,214,615,677,1031,767,681,13,890,488,349,152,210,859,572,651,1004,617,706,749,477,256,791,899,627,601,247,214,730,219,716,619,667,486,462,972,93,226,674,644,598,510,371,528,357,87,496,330,667,625,383,230,650,561,157,199,545,996,554,517,645,617,354
g16,619,307,480,660,623,312,797,132,461,146,447,284,230,588,272,354,0,223,672,708,759,102,422,528,654,522,867,340,695,145,16,594,688,411,538,431,303,458,144,297,722,841,525,524,365,713,219,527,426,198,672,706,670,820,291,531,641,198,574,691,775,446,247,254,148,378,139,607,327,368,624,393,732,446,554,857,623,800,176,307,174,304,348,177,116,438,739,77,129,740,402,225,221,250,791,572,293,417,739,176
g17,712,525,297,743,826,481,767,316,558,77,426,453,427,729,461,175,223,0,870,802,831,302,414,438,779,558,869,119,867,249,207,775,673,574,324,520,205,644,88,516,764,1015,718,675,182,879,314,478,307,195,842,693,726,991,513,691,769,397,430,816,915,606,460,90,81,597,135,734,538,582,605,485,928,265,337,816,701,745,398,385,394,375,221,332,163,622,739,280,99,755,547,162,26,460,972,625,468,600,735,306
g18,469,382,1009,510,62,395,887,681,469,796,727,422,444,303,408,919,672,870,0,486,579,662,697,879,362,617,842,988,160,627,687,133,791,324,1119,496,807,229,781,398,651,226,152,289,932,197,808,801,879,711,168,794,595,225,414,252,350,475,1004,369,334,304,572,923,789,489,738,353,349,317,773,501,61,981,1145,952,518,952,512,562,571,577,855,726,786,252,778,599,771,737,372,765,878,422,164,583,405,273,790,570
g19,90,593,785,66,510,430,430,799,248,755,442,449,531,200,490,752,708,802,486,0,93,766,430,569,124,278,359,894,336,579,715,367,362,350,918,284,637,405,733,608,180,416,430,256,762,309,919,472,639,607,321,356,143,385,629,285,137,553,708,120,212,325,779,886,742,784,678,149,544,560,376,321,493,770,948,489,108,510,647,419,728,428,666,855,812,403,321,638,733,273,327,644,823,559,424,206,451,406,336,534
g20,151,672,779,102,604,500,358,859,299,790,440,516,600,292,561,761,759,831,579,93,0,826,435,548,218,279,271,914,428,623,765,461,308,429,914,328,652,493,768,687,114,497,522,344,770,398,975,452,636,638,413,298,111,467,708,375,231,619,685,211,290,407,851,917,777,865,714,240,624,644,337,366,585,768,944,412,136,442,715,458,796,465,674,915,858,489,254,693,770,203,399,670,853,633,511,208,521,490,269,583
g21,680,280,576,725,608,346,891,33,526,231,544,322,249,626,294,450,102,302,662,766,826,0,517,630,698,605,953,409,709,238,112,603,780,443,625,500,405,467,236,266,799,850,524,559,461,732,157,626,528,301,688,797,744,833,253,559,684,220,676,735,809,477,159,307,237,299,240,652,314,346,717,463,724,543,639,952,690,898,150,388,102,388,450,89,151,450,828,136,220,825,446,328,293,247,796,650,325,431,828,253
g22,351,523,356,365,681,352,375,550,240,393,33,340,397,442,389,326,422,414,697,430,435,517,0,182,454,156,458,484,621,279,420,568,269,379,488,205,220,485,371,528,355,757,560,419,335,617,635,122,210,241,596,288,325,727,541,452,450,392,309,486,598,394,614,504,379,697,323,420,496,540,203,195,740,339,518,434,322,381,477,165,539,156,238,599,487,465,328,386,378,341,327,254,439,449,734,229,358,448,326,277
g23,501,689,247,503,863,528,349,660,416,449,152,514,560,616,560,287,528,438,879,569,548,630,182,0,616,296,476,463,797,404,521,749,283,562,378,384,239,667,431,692,445,929,742,598,289,790,719,96,134,329,772,302,439,898,703,632,615,550,139,644,757,576,752,523,436,851,399,588,668,713,224,378,921,248,408,387,462,311,624,338,674,327,217,701,559,647,358,515,443,393,510,311,464,613,909,363,532,629,348,422
g24,124,495,809,152,385,353,537,729,227,723,474,376,453,84,409,757,654,779,362,124,218,698,454,616,0,321,480,881,218,540,664,243,454,259,938,267,639,293,702,511,293,320,310,150,768,195,855,523,664,586,200,453,241,288,533,170,15,478,754,37,143,229,690,857,711,680,647,47,445,454,453,297,373,789,967,600,172,611,566,395,647,407,674,784,765,295,427,579,699,382,253,630,797,473,316,262,373,302,440,487
g25,205,535,507,212,614,348,311,639,153,526,164,349,425,330,402,482,522,558,617,278,279,605,156,296,321,0,348,636,513,377,524,483,198,332,640,141,373,434,503,545,207,637,499,328,491,502,741,202,361,370,490,210,170,606,562,365,320,432,435,348,461,333,671,647,512,726,450,296,497,534,160,164,650,493,671,378,169,353,528,216,603,218,394,693,606,419,227,469,507,219,280,396,581,472,623,73,362,407,230,352
g26,377,866,723,333,860,680,145,987,464,852,443,686,767,543,738,750,867,869,842,359,271,953,458,476,480,348,0,923,696,721,868,717,198,636,851,473,666,722,830,878,193,767,766,580,755,668,1085,400,600,699,680,177,254,737,897,616,491,777,587,479,560,623,1016,959,837,1061,781,490,823,853,265,504,853,724,881,166,334,230,874,564,950,565,667,1040,943,712,129,817,836,130,592,711,895,810,782,317,697,708,134,700
g27,806,644,263,833,945,598,809,418,657,196,488,569,546,837,580,176,340,119,988,894,914,409,484,463,881,636,923,0,980,363,324,891,725,688,240,617,264,762,207,635,839,1129,836,785,174,991,389,523,329,296,956,745,806,1104,631,803,872,516,418,918,1020,719,568,115,200,708,251,838,657,701,658,584,1046,239,244,850,790,774,516,486,506,474,255,425,261,740,796,399,219,818,658,251,118,579,1087,706,585,718,789,421
g28,337,448,958,370,205,387,755,734,381,798,646,416,466,183,422,885,695,867,160,336,428,709,621,797,218,513,696,980,0,617,708,108,668,292,1079,416,767,241,781,465,511,148,197,205,897,37,863,711,819,688,25,668,459,125,485,178,210,497,930,216,174,261,651,932,789,596,731,223,403,388,660,432,157,934,1107,818,387,826,560,514,632,528,811,784,811,259,645,618,774,600,324,739,879,461,113,466,403,278,657,560
g29,489,318,414,527,588,234,653,271,330,184,307,206,198,484,222,303,145,249,627,579,623,238,279,404,540,377,721,363,617,0,147,527,543,325,504,296,211,399,164,316,579,766,475,427,316,630,364,390,324,95,593,560,530,742,320,442,528,174,474,577,671,357,347,319,173,453,113,494,316,363,480,258,684,382,527,713,488,660,224,166,270,161,263,321,234,377,594,111,160,595,300,146,262,243,723,430,222,355,594,57
g30,626,323,467,667,638,324,796,139,468,131,445,296,245,599,286,341,16,207,687,715,765,112,420,521,664,524,868,324,708,147,0,608,687,424,523,437,293,472,129,313,726,855,540,536,352,726,216,523,416,192,686,705,675,834,308,543,651,213,564,701,786,458,261,238,132,393,128,617,343,384,623,399,747,433,539,855,629,797,192,311,189,307,337,181,103,452,740,90,114,742,413,216,205,266,806,576,306,431,740,182
g31,340,340,890,383,143,293,755,627,337,704,597,321,364,173,322,807,594,775,133,367,461,603,568,749,243,483,717,891,108,527,608,0,658,207,1006,365,692,136,688,357,524,247,90,155,820,138,757,670,756,604,92,662,466,229,377,118,229,395,877,257,258,181,543,836,696,492,640,226,295,280,639,373,171,864,1032,821,388,819,453,442,524,456,739,677,711,156,647,518,680,608,249,657,786,355,197,450,307,177,658,469
g32,331,733,530,306,796,546,114,813,346,660,249,546,620,490,599,552,688,673,791,362,308,780,269,283,454,198,198,725,668,543,687,658,0,527,661,339,469,627,638,742,193,772,686,506,557,649,903,203,403,509,647,20,219,740,759,544,459,624,405,469,573,524,860,763,646,923,591,445,696,732,67,362,816,529,691,180,281,161,718,398,789,395,469,864,756,613,75,645,646,117,477,518,699,668,770,209,560,602,66,530
g33,278,243,685,328,302,99,636,473,181,506,410,127,195,183,150,600,411,574,324,350,429,443,379,562,259,332,636,688,292,325,424,207,527,0,799,193,485,106,488,258,447,441,180,115,613,306,600,491,554,398,268,536,384,417,279,119,244,223,682,294,366,34,431,641,497,436,438,214,195,218,492,186,374,658,825,704,309,685,307,238,387,252,532,527,527,88,538,334,482,511,53,450,587,213,399,326,119,75,546,267
g34,839,819,134,853,1086,725,717,640,713,394,476,700,702,913,726,201,538,324,1119,918,914,625,488,378,938,640,851,240,1079,504,523,1006,661,799,0,674,313,890,393,813,818,1224,969,875,188,1082,627,468,279,412,1054,680,802,1196,814,901,932,677,270,971,1082,825,782,354,390,916,412,900,820,867,602,650,1172,148,30,741,810,660,703,565,713,551,268,655,486,868,737,578,409,772,758,359,338,745,1191,713,718,846,727,556
g35,194,396,548,230,485,208,452,534,39,471,232,213,294,240,265,490,431,520,496,284,328,500,205,384,267,141,473,617,416,296,437,365,339,193,674,0,372,298,449,407,301,554,367,214,501,413,647,305,405,325,391,350,244,525,425,248,259,306,514,302,409,198,545,602,458,589,394,226,357,392,300,38,536,526,703,519,192,494,404,135,482,145,408,589,531,281,361,366,449,343,140,366,540,337,529,156,224,267,367,255
g36,552,529,206,575,775,414,562,432,411,209,226,391,404,606,421,118,303,205,807,637,652,405,220,239,639,373,666,264,767,211,293,692,469,485,313,372,0,578,191,527,575,913,657,564,130,772,480,272,123,116,742,489,543,886,531,589,631,383,271,673,781,511,543,294,196,660,166,598,522,570,401,344,859,175,340,611,531,542,432,253,466,239,51,469,320,556,537,310,204,556,444,77,231,452,879,444,409,534,532,254
g37,349,214,781,399,199,166,733,492,282,572,517,193,227,209,186,689,458,644,229,405,493,467,485,667,293,434,722,762,241,399,472,136,627,106,890,298,578,0,556,231,529,384,78,148,702,266,622,598,655,482,221,634,467,365,252,123,278,259,786,322,362,102,417,703,564,387,511,257,165,163,595,292,284,753,916,801,388,786,318,339,392,352,627,543,574,22,632,382,548,601,159,535,654,220,333,421,176,44,641,342
g38,643,438,341,677,738,395,739,256,486,22,389,366,338,649,373,214,144,88,781,733,768,236,371,431,702,503,830,207,781,164,129,688,638,488,393,449,191,556,0,431,710,929,630,592,225,794,289,453,311,132,757,658,667,906,428,607,691,309,452,739,835,521,390,155,9,522,55,656,450,494,571,412,840,307,410,793,635,727,314,314,319,305,226,285,128,535,700,193,16,710,464,122,98,372,885,566,380,513,697,221
g39,535,17,730,585,342,198,856,283,413,439,561,196,131,428,143,615,297,516,398,608,687,266,528,692,511,545,878,635,465,316,313,357,742,258,813,407,527,231,431,0,695,598,270,360,628,493,409,650,634,411,448,755,634,584,21,346,495,144,782,543,593,284,186,551,436,182,402,468,66,81,694,381,460,697,834,923,562,889,122,362,173,371,579,328,402,220,768,238,417,749,289,461,518,79,541,561,183,209,774,276
g40,184,683,683,141,668,499,250,832,284,733,353,510,592,350,560,677,722,764,651,180,114,799,355,445,293,207,193,839,511,579,726,524,193,447,818,301,575,529,710,695,0,597,572,387,685,486,941,351,543,577,493,184,62,566,715,422,302,606,579,298,392,432,845,853,719,878,657,299,638,665,227,336,666,675,848,309,141,331,704,414,783,418,590,887,811,521,142,663,714,93,406,602,788,632,604,149,518,517,157,547
g41,444,581,1101,465,288,535,847,874,517,947,780,564,611,314,568,1031,841,1015,226,416,497,850,757,929,320,637,767,1129,148,766,855,247,772,441,1224,554,913,384,929,598,597,0,328,349,1043,141,1003,839,960,836,173,769,555,31,617,326,318,643,1064,303,207,409,781,1080,938,711,880,341,539,519,773,574,179,1078,1252,905,492,925,700,659,769,673,956,923,958,403,737,764,922,690,472,887,1028,603,62,582,551,424,751,708
g42,388,253,860,435,121,243,789,547,346,645,591,270,295,230,257,767,525,718,152,430,522,524,560,742,310,499,766,836,197,475,540,90,686,180,969,367,657,78,630,270,572,328,0,185,780,228,676,670,733,560,183,692,512,314,290,150,295,327,863,331,346,168,455,774,638,401,586,282,211,192,659,365,209,831,994,857,432,846,374,416,441,430,705,595,640,101,684,450,621,650,232,613,727,279,272,478,253,122,694,418
g43,204,344,753,252,290,214,606,588,182,611,446,240,310,68,265,681,524,675,289,256,344,559,419,598,150,328,580,785,205,427,536,155,506,115,875,214,564,148,592,360,387,349,185,0,694,208,716,516,615,490,179,510,326,322,382,38,134,338,728,182,251,81,540,746,600,530,540,109,295,305,484,228,324,729,903,673,246,667,421,310,501,324,607,643,639,147,500,448,586,464,127,539,689,325,317,297,234,152,510,370
g44,678,633,117,698,898,537,637,481,541,232,332,512,514,736,537,13,365,182,932,762,770,461,335,289,768,491,755,174,897,316,352,820,557,613,188,501,130,702,225,628,685,1043,780,694,0,902,495,354,156,223,872,578,660,1016,630,718,761,490,252,802,911,640,613,251,224,741,231,728,632,680,492,474,985,84,213,676,654,600,522,383,540,370,96,506,339,680,630,396,241,656,573,170,205,558,1008,563,530,658,623,367
g45,318,476,959,347,242,403,732,758,377,812,641,431,486,174,442,890,713,879,197,309,398,732,617,790,195,502,668,991,37,630,726,138,649,306,1082,413,772,266,794,493,486,141,228,208,902,0,887,701,819,697,45,648,437,113,514,187,189,517,925,189,137,273,680,947,803,629,743,207,430,418,644,432,188,936,1110,794,367,806,584,518,658,532,814,809,830,282,622,636,788,577,332,747,892,485,122,451,420,300,635,572
g46,832,425,612,875,751,503,1010,129,676,273,658,478,406,783,451,488,219,314,808,919,975,157,635,719,855,741,1085,389,863,364,216,757,903,600,627,647,480,622,289,409,941,1003,676,716,495,887,0,732,600,398,843,921,889,987,393,716,841,377,737,891,966,634,252,274,285,387,320,808,464,490,838,609,870,580,633,1068,839,1007,303,526,236,523,515,82,161,605,957,281,275,959,602,407,294,402,948,791,482,587,956,393
g47,406,645,334,406,790,472,289,658,333,474,89,462,519,528,511,349,527,478,801,472,452,626,122,96,523,202,400,523,711,390,523,670,203,491,468,305,272,598,453,650,351,839,670,516,354,701,732,0,201,333,686,223,342,808,663,551,523,513,235,550,663,502,732,567,460,818,412,497,618,661,138,305,840,329,498,339,366,275,596,287,656,278,267,704,577,579,276,500,463,306,438,330,504,571,822,267,479,563,268,395
g48,561,634,145,573,854,499,481,555,443,327,197,478,506,646,516,152,426,307,879,639,636,528,210,134,664,361,600,329,819,324,416,756,403,554,279,405,123,655,311,634,543,960,733,615,156,819,600,201,0,234,794,423,524,931,641,645,659,489,150,695,807,576,664,390,315,776,289,628,622,669,339,387,926,132,309,521,530,446,548,316,587,302,86,592,439,633,477,428,325,506,507,200,333,557,932,434,497,613,469,357
g49,517,414,318,549,675,316,614,330,363,155,261,290,292,540,313,210,198,195,711,607,638,301,241,329,586,370,699,296,688,95,192,604,509,398,412,325,116,482,132,411,577,836,560,490,223,697,398,333,234,0,663,528,535,810,415,510,576,269,384,622,724,427,430,280,141,544,82,542,410,458,443,290,766,286,435,670,507,608,316,191,353,180,167,373,246,459,569,194,138,578,364,53,216,338,797,434,307,437,566,144
g50,317,430,933,352,206,363,735,714,356,774,621,392,444,159,400,859,672,842,168,321,413,688,596,772,200,490,680,956,25,593,686,92,647,268,1054,391,742,221,757,448,493,173,183,179,872,45,843,686,794,663,0,647,440,149,468,153,191,475,905,202,173,236,634,908,765,584,707,201,385,372,637,407,173,909,1082,799,366,806,540,488,613,502,786,765,789,238,625,595,750,582,299,714,855,441,138,444,380,257,638,535
g51,330,745,549,303,800,558,101,830,355,679,269,559,634,492,612,572,706,693,794,356,298,797,288,302,453,210,177,745,668,560,705,662,20,536,680,350,489,634,658,755,184,769,692,510,578,648,921,223,423,528,647,0,214,738,772,548,459,639,423,466,569,532,876,783,665,936,611,446,707,743,87,374,818,549,710,169,281,158,734,414,805,412,489,882,775,621,57,662,665,102,486,538,719,682,769,214,572,611,46,546
g52,126,621,668,89,609,439,295,778,224,690,328,450,533,293,499,651,670,726,595,143,111,744,325,439,241,170,254,806,459,530,675,466,219,384,802,244,543,467,667,634,62,555,512,326,660,437,889,342,524,535,440,214,0,523,654,362,249,548,576,252,354,370,786,814,676,816,614,242,576,602,234,281,613,657,833,358,79,370,646,364,725,369,563,833,764,458,185,609,670,142,345,564,749,572,557,101,457,455,198,495
g53,412,567,1072,434,285,513,816,857,488,924,750,541,591,285,548,1004,820,991,225,385,467,833,727,898,288,606,737,1104,125,742,834,229,740,417,1196,525,886,365,906,584,566,31,314,322,1016,113,987,808,931,810,149,738,523,0,604,300,287,623,1034,271,177,385,769,1057,914,703,855,310,524,506,742,545,185,1049,1224,875,460,894,683,632,754,646,928,907,937,384,706,744,899,659,446,861,1004,585,67,551,529,404,720,684
g54,556,38,733,606,357,217,873,269,433,435,574,213,144,450,160,617,291,513,414,629,708,253,541,703,533,562,897,631,485,320,308,377,759,279,814,425,531,252,428,21,715,617,290,382,630,514,393,663,641,415,468,772,654,604,0,368,517,153,790,565,614,305,165,544,433,163,401,490,88,98,710,398,476,701,834,940,583,905,115,376,157,384,583,311,393,242,786,236,414,768,310,464,513,92,559,580,201,231,792,284
g55,238,329,782,285,252,219,644,587,218,625,480,247,310,86,265,706,531,691,252,285,375,559,452,632,170,365,616,803,178,442,543,118,544,119,901,248,589,123,607,346,422,326,150,38,718,187,716,551,645,510,153,548,362,300,368,0,154,339,762,198,251,86,530,759,615,510,556,135,280,285,522,259,288,757,929,710,282,705,417,336,495,350,633,640,647,127,537,454,600,501,145,561,705,319,290,335,237,137,548,385
g56,128,479,804,161,372,338,544,715,219,711,470,362,438,68,394,749,641,769,350,137,231,684,450,615,15,320,491,872,210,528,651,229,459,244,932,259,631,278,691,495,302,318,295,134,761,189,841,523,659,576,191,459,249,287,517,154,0,464,752,50,149,213,674,846,700,664,637,34,429,439,456,288,364,784,961,608,178,617,552,386,632,398,668,770,752,280,434,566,688,391,239,621,786,457,311,264,359,287,447,475
g57,469,145,588,516,429,125,738,250,324,321,424,103,31,405,75,477,198,397,475,553,619,220,392,550,478,432,777,516,497,174,213,395,624,223,677,306,383,259,309,144,606,643,327,338,490,517,377,513,489,269,475,639,548,623,153,339,464,0,637,514,589,257,239,447,316,305,271,432,143,190,570,272,535,556,699,804,485,763,98,230,177,237,435,305,315,239,659,123,297,647,227,320,403,68,592,462,105,218,663,131
g58,640,782,160,642,984,637,449,702,548,465,284,619,653,750,660,256,574,430,1004,708,685,676,309,139,754,435,587,418,930,474,564,877,405,682,270,514,271,786,452,782,579,1064,863,728,252,925,737,235,150,384,905,423,576,1034,790,762,752,637,0,782,895,700,814,503,454,927,435,724,767,814,354,503,1048,179,298,471,602,389,698,449,737,435,226,736,577,765,480,579,466,520,632,348,455,704,1043,502,638,746,468,506
g59,144,526,841,162,398,388,546,765,262,760,504,413,488,114,444,791,691,816,369,120,211,735,486,644,37,348,479,918,216,577,701,257,469,294,971,302,673,322,739,543,298,303,331,182,802,189,891,550,695,622,202,466,252,271,565,198,50,514,782,0,113,263,723,894,748,709,684,84,477,484,473,333,374,822,1000,607,190,623,601,431,682,443,708,820,802,325,436,616,736,389,289,666,834,507,306,285,409,334,450,525
g60,256,576,952,268,378,465,642,838,369,855,616,491,560,187,515,899,775,915,334,212,290,809,598,757,143,461,560,1020,174,671,786,258,573,366,1082,409,781,362,835,593,392,207,346,251,911,137,966,663,807,724,173,569,354,177,614,251,149,589,895,113,0,332,778,990,844,744,782,183,527,524,582,438,321,933,1111,700,300,723,668,534,746,547,818,892,889,372,534,699,831,485,374,770,932,570,227,397,485,386,548,617
g61,258,268,709,308,287,134,631,506,180,539,424,161,228,150,183,627,446,606,304,325,407,477,394,576,229,333,623,719,261,357,458,181,524,34,825,198,511,102,521,284,432,409,168,81,640,273,634,502,576,427,236,532,370,385,305,86,213,257,700,263,332,0,461,674,530,459,470,185,219,236,493,198,350,683,852,699,292,684,339,261,419,275,557,561,561,89,530,369,515,501,68,479,619,244,369,319,153,84,539,299
g62,700,203,727,748,512,350,974,153,561,388,645,336,252,609,289,601,247,460,572,779,851,159,614,752,690,671,1016,568,651,347,261,543,860,431,782,545,543,417,390,186,845,781,455,540,613,680,252,732,664,430,634,876,786,769,165,530,674,239,814,723,778,461,0,464,392,142,385,646,251,263,804,512,633,693,797,1039,720,993,142,462,77,466,591,173,308,406,898,237,374,886,452,467,452,219,722,701,330,393,901,337
g63,796,562,358,829,876,544,856,312,640,135,516,516,478,804,516,247,254,90,923,886,917,307,504,523,857,647,959,115,932,319,238,836,763,641,354,602,294,703,155,551,853,1080,774,746,251,947,274,567,390,280,908,783,814,1057,544,759,846,447,503,894,990,674,464,0,146,606,209,811,581,623,695,566,982,330,360,904,787,832,429,467,408,457,306,312,156,681,830,324,159,845,619,251,65,504,1034,712,529,660,825,375
g64,652,444,341,686,745,403,746,256,495,14,396,374,346,657,380,214,148,81,789,742,777,237,379,436,711,512,837,200,789,173,132,696,646,497,390,458,196,564,9,436,719,938,638,600,224,803,285,460,315,141,765,665,676,914,433,615,700,316,454,748,844,530,392,146,0,526,64,665,456,501,578,421,847,307,406,799,644,734,319,323,322,314,230,283,124,543,708,199,19,718,473,129,89,379,893,574,389,521,704,230
g65,715,195,852,765,427,381,1036,295,596,523,729,377,303,596,324,730,378,597,489,784,865,299,697,851,680,726,1061,708,596,453,393,492,923,436,916,589,660,387,522,182,878,711,401,530,741,629,387,818,776,544,584,936,816,703,163,510,664,305,927,709,744,459,142,606,526,0,510,640,241,225,872,562,548,819,932,1103,744,1066,228,534,203,542,710,312,450,384,950,350,507,932,471,586,591,254,649,743,365,378,956,428
g66,588,408,342,622,696,347,695,266,431,77,343,319,299,595,330,219,139,135,738,678,714,240,323,399,647,450,781,251,731,113,128,640,591,438,412,394,166,511,55,402,657,880,586,540,231,743,320,412,289,82,707,611,614,855,401,556,637,271,435,684,782,470,385,209,64,510,0,602,414,460,525,357,795,308,432,750,581,687,291,259,310,250,209,303,165,489,651,165,56,660,412,89,150,337,836,512,334,467,649,171
g67,117,452,772,157,369,306,535,682,186,677,442,329,406,52,363,716,607,734,353,149,240,652,420,588,47,296,490,838,223,494,617,226,445,214,900,226,598,257,656,468,299,341,282,109,728,207,808,497,628,542,201,446,242,310,490,135,34,432,724,84,183,185,646,811,665,640,602,0,403,415,437,255,372,752,929,600,166,604,521,351,602,364,635,738,718,257,426,532,653,384,206,587,752,428,329,244,327,262,438,441
g68,474,49,728,524,296,150,809,335,359,461,529,156,118,362,108,619,327,538,349,544,624,314,496,668,445,497,823,657,403,316,343,295,696,195,820,357,522,165,450,66,638,539,211,295,632,430,464,618,622,410,385,707,576,524,88,280,429,143,767,477,527,219,251,581,456,241,414,403,0,47,651,334,410,696,842,876,503,846,163,331,229,342,574,383,439,154,717,258,438,695,231,462,542,77,484,507,139,143,724,268
g69,494,65,776,545,261,190,844,364,391,505,573,200,165,370,154,667,368,582,317,560,644,346,540,713,454,534,853,701,388,363,384,280,732,218,867,392,570,163,494,81,665,519,192,305,680,418,490,661,669,458,372,743,602,506,98,285,439,190,814,484,524,236,263,623,501,225,460,415,47,0,689,372,379,744,889,912,527,885,198,376,254,387,622,409,477,158,750,302,482,726,260,510,585,122,461,539,182,153,757,316
g70,329,686,469,314,772,500,173,750,313,592,182,498,568,478,550,486,624,605,773,376,337,717,203,224,453,160,265,658,660,480,623,639,67,492,602,300,401,595,571,694,227,773,659,484,492,644,838,138,339,443,637,87,234,742,710,522,456,570,354,473,582,493,804,695,578,872,525,437,651,689,0,316,803,466,632,235,282,195,663,341,731,337,402,801,689,579,138,584,579,169,440,450,631,618,766,193,512,567,131,470
g71,231,371,526,268,486,184,475,497,73,434,225,185,263,263,237,462,393,485,501,321,366,463,195,378,297,164,504,584,432,258,399,373,362,186,650,38,344,292,412,381,336,574,365,228,474,432,609,305,387,290,407,374,281,545,398,259,288,272,503,333,438,198,512,566,421,562,357,255,334,372,316,0,545,503,679,542,230,512,370,99,448,110,383,552,493,273,388,329,412,374,133,333,504,308,545,189,198,258,393,217
g72,488,444,1059,525,121,450,907,743,506,854,768,477,504,325,467,972,732,928,61,493,585,724,740,921,373,650,853,1046,157,684,747,171,816,374,1172,536,859,284,840,460,666,179,209,324,985,188,870,840,926,766,173,818,613,185,476,288,364,535,1048,374,321,350,633,982,847,548,795,372,410,379,803,545,0,1032,1198,971,538,976,574,611,633,625,906,788,847,307,797,659,830,755,419,819,936,483,118,610,461,329,810,626
g73,690,701,34,705,951,590,596,564,565,315,329,566,578,766,597,93,446,265,981,770,768,543,339,248,789,493,724,239,934,382,433,864,529,658,148,526,175,753,307,697,675,1078,831,729,84,936,580,329,132,286,909,549,657,1049,701,757,784,556,179,822,933,683,693,330,307,819,308,752,696,744,466,503,1032,0,178,629,661,550,596,422,619,407,125,590,423,730,604,470,323,635,615,236,288,625,1047,566,585,709,595,428
g74,869,839,165,883,1111,750,746,653,742,409,506,725,725,942,749,226,554,337,1145,948,944,639,518,408,967,671,881,244,1107,527,539,1032,691,825,30,703,340,916,410,834,848,1252,994,903,213,1110,633,498,309,435,1082,710,833,1224,834,929,961,699,298,1000,1111,852,797,360,406,932,432,929,842,889,632,679,1198,178,0,769,840,688,722,593,729,579,296,665,497,893,767,597,425,802,784,382,348,767,1219,743,743,871,756,580
g75,483,914,622,447,962,726,68,984,523,813,409,727,801,649,779,674,857,816,952,489,412,952,434,387,600,378,166,850,818,713,855,821,180,704,741,519,611,801,793,923,309,905,857,673,676,794,1068,339,521,670,799,169,358,875,940,710,608,804,471,607,700,699,1039,904,799,1103,750,600,876,912,235,542,971,629,769,0,434,82,897,576,967,572,599,1034,915,788,174,819,802,217,655,670,842,849,913,380,740,779,162,705
g76,49,549,676,43,530,371,369,723,163,658,333,384,468,215,432,644,623,701,518,108,136,690,322,462,172,169,334,790,387,488,629,388,281,309,810,192,531,388,635,562,141,492,432,246,654,367,839,366,530,507,366,281,79,460,583,282,178,485,602,190,300,292,720,787,644,744,581,166,503,527,282,230,538,661,840,434,0,439,583,323,663,331,558,779,723,380,260,557,636,220,273,541,723,504,489,99,390,377,272,447
g77,489,881,541,460,957,696,89,930,504,747,353,693,763,651,746,598,800,745,952,510,442,898,381,311,611,353,230,774,826,660,797,819,161,685,660,494,542,786,727,889,331,925,846,667,600,806,1007,275,446,608,806,158,370,894,905,705,617,763,389,623,723,684,993,832,734,1066,687,604,846,885,195,512,976,550,688,82,439,0,854,533,919,528,526,978,852,771,189,768,738,239,633,604,772,813,927,370,708,760,174,657
g78,565,134,629,612,459,216,832,173,421,320,508,198,115,489,157,510,176,398,512,647,715,150,477,624,566,528,874,516,560,224,192,453,718,307,703,404,432,318,314,122,704,700,374,421,522,584,303,596,548,316,540,734,646,683,115,417,552,98,698,601,668,339,142,429,319,228,291,521,163,198,663,370,574,596,722,897,583,854,0,321,81,326,483,225,280,302,755,126,300,744,320,361,397,99,646,560,196,285,759,202
g79,329,357,447,364,538,190,512,422,172,336,198,176,232,354,223,371,307,385,562,419,458,388,165,338,395,216,564,486,514,166,311,442,398,238,565,135,253,339,314,362,414,659,416,310,383,518,526,287,316,191,488,414,364,632,376,336,386,230,449,431,534,261,462,467,323,534,259,351,331,376,341,99,611,422,593,576,323,533,321,0,391,14,297,476,400,317,440,252,314,436,193,235,405,284,626,265,194,297,442,135
g80,646,189,652,694,515,298,903,112,501,319,570,279,197,570,239,528,174,394,571,728,796,102,539,674,647,603,950,506,632,270,189,524,789,387,713,482,466,392,319,173,783,769,441,501,540,658,236,656,587,353,613,805,725,754,157,495,632,177,737,682,746,419,77,408,322,203,310,602,229,254,731,448,633,619,729,967,663,919,81,391,0,394,515,154,252,377,829,159,303,820,401,390,388,176,713,637,277,361,832,262
g81,338,366,433,372,551,202,508,422,183,327,189,187,240,367,234,357,304,375,577,428,465,388,156,327,407,218,565,474,528,161,307,456,395,252,551,145,239,352,305,371,418,673,430,324,370,532,523,278,302,180,502,412,369,646,384,350,398,237,435,443,547,275,466,457,314,542,250,364,342,387,337,110,625,407,579,572,331,528,326,14,394,0,283,475,394,331,440,252,305,437,207,222,395,292,640,269,205,311,441,135
g82,582,581,155,601,825,464,555,475,448,241,237,441,456,646,472,87,348,221,855,666,674,450,238,217,674,394,667,255,811,263,337,739,469,532,268,408,51,627,226,579,590,956,705,607,96,814,515,267,86,167,786,489,563,928,583,633,668,435,226,708,818,557,591,306,230,710,209,635,574,622,402,383,906,125,296,599,558,526,483,297,515,283,0,509,354,604,540,360,241,564,490,124,247,504,923,467,460,583,534,306
g83,769,344,623,813,669,431,974,55,615,274,625,408,332,710,377,496,177,332,726,855,915,89,599,701,784,693,1040,425,784,321,181,677,864,527,655,589,469,543,285,328,887,923,595,643,506,809,82,704,592,373,765,882,833,907,311,640,770,305,736,820,892,561,173,312,283,312,303,738,383,409,801,552,788,590,665,1034,779,978,225,476,154,475,509,0,169,527,914,224,269,912,533,393,317,324,867,738,411,510,914,341
g84,723,414,456,762,735,428,860,157,564,112,508,400,347,702,389,330,116,163,786,812,858,151,487,559,765,606,943,261,811,234,103,711,756,527,486,531,320,574,128,402,811,958,640,639,339,830,161,577,439,246,789,775,764,937,393,647,752,315,577,802,889,561,308,156,124,450,165,718,439,477,689,493,847,423,497,915,723,852,280,400,252,394,354,169,0,554,814,193,115,820,515,249,148,364,908,663,409,533,812,279
g85,343,203,759,393,221,143,720,475,267,550,497,170,207,211,165,667,438,622,252,403,489,450,465,647,295,419,712,740,259,377,452,156,613,88,868,281,556,22,535,220,521,403,101,147,680,282,605,579,633,459,238,621,458,384,242,127,280,239,765,325,372,89,406,681,543,384,489,257,154,158,579,273,307,730,893,788,380,771,302,317,377,331,604,527,554,0,620,361,526,590,141,512,632,203,353,408,154,22,628,319
g86,309,758,605,275,788,570,110,861,359,722,313,573,652,475,626,625,739,739,778,321,254,828,328,358,427,227,129,796,645,594,740,647,75,538,737,361,537,632,700,768,142,737,684,500,630,622,957,276,477,569,625,57,185,706,786,537,434,659,480,436,534,530,898,830,708,950,651,426,717,750,138,388,797,604,767,174,260,189,755,440,829,440,540,914,814,620,0,692,707,51,490,582,765,697,742,211,585,612,15,575
g87,550,245,504,593,551,235,757,170,394,202,415,207,155,512,196,383,77,280,599,638,693,136,386,515,579,469,817,399,618,111,90,518,645,334,578,366,310,382,193,238,663,764,450,448,396,636,281,500,428,194,595,662,609,744,236,454,566,123,579,616,699,369,237,324,199,350,165,532,258,302,584,329,659,470,597,819,557,768,126,252,159,252,360,224,193,361,692,0,180,688,327,236,283,181,715,514,216,340,693,117
g88,643,425,357,678,727,387,748,240,485,24,397,358,328,644,363,230,129,99,771,733,770,220,378,443,699,507,836,219,774,160,114,680,646,482,409,449,204,548,16,417,714,922,621,586,241,788,275,463,325,138,750,665,670,899,414,600,688,297,466,736,831,515,374,159,19,507,56,653,438,482,579,412,830,323,425,802,636,738,300,314,303,305,241,269,115,526,707,180,0,716,459,133,106,360,877,569,372,504,704,216
g89,267,738,639,230,750,550,157,858,336,733,330,557,637,435,608,650,740,755,737,273,203,825,341,393,382,219,130,818,600,595,742,608,117,511,772,343,556,601,710,749,93,690,650,464,656,577,959,306,506,578,582,102,142,659,768,501,391,647,520,389,485,501,886,845,718,932,660,384,695,726,169,374,755,635,802,217,220,239,744,436,820,437,564,912,820,590,51,688,716,0,466,595,780,681,695,188,567,584,66,571
g90,248,276,640,297,353,103,587,477,131,484,358,124,204,186,163,561,402,547,372,327,399,446,327,510,253,280,592,658,324,300,413,249,477,53,758,140,444,159,464,289,406,472,232,127,573,332,602,438,507,364,299,486,345,446,310,145,239,227,632,289,374,68,452,619,473,471,412,206,231,260,440,133,419,615,784,655,273,633,320,193,401,207,490,533,515,141,490,327,459,466,0,415,562,233,434,279,123,127,498,243
g91,556,464,269,584,729,369,617,355,405,143,268,343,344,588,366,157,225,162,765,644,670,328,254,311,630,396,711,251,739,146,216,657,518,450,359,366,77,535,122,461,602,887,613,539,170,747,407,330,200,53,714,538,564,861,464,561,621,320,348,666,770,479,467,251,129,586,89,587,462,510,450,333,819,236,382,670,541,604,361,235,390,222,124,393,249,512,582,236,133,595,415,0,186,389,849,463,361,491,578,197
g92,733,527,319,765,833,493,794,304,578,82,451,464,434,746,469,199,221,26,878,823,853,293,439,464,797,581,895,118,879,262,205,786,699,587,338,540,231,654,98,518,788,1028,727,689,205,892,294,504,333,216,855,719,749,1004,513,705,786,403,455,834,932,619,452,65,89,591,150,752,542,585,631,504,936,288,348,842,723,772,397,405,388,395,247,317,148,632,765,283,106,780,562,186,0,464,983,648,478,610,761,320
g93,481,77,657,530,372,133,782,272,348,383,482,124,52,394,72,545,250,460,422,559,633,247,449,613,473,472,810,579,461,243,266,355,668,213,745,337,452,220,372,79,632,603,279,325,558,485,402,571,557,338,441,682,572,585,92,319,457,68,704,507,570,244,219,504,379,254,337,428,77,122,618,308,483,625,767,849,504,813,99,284,176,292,504,324,364,203,697,181,360,681,233,389,464,0,550,493,114,186,702,199
g94,439,524,1071,467,225,490,852,819,494,902,759,518,561,294,519,996,791,972,164,424,511,796,734,909,316,623,782,1087,113,723,806,197,770,399,1191,529,879,333,885,541,604,62,272,317,1008,122,948,822,932,797,138,769,557,67,559,290,311,592,1043,306,227,369,722,1034,893,649,836,329,484,461,766,545,118,1047,1219,913,489,927,646,626,713,640,923,867,908,353,742,715,877,695,434,849,983,550,0,573,505,375,755,665
g95,140,549,579,140,587,362,312,683,148,588,237,369,450,285,420,554,572,625,583,206,208,650,229,363,262,73,317,706,466,430,576,450,209,326,713,156,444,421,566,561,149,582,478,297,563,451,791,267,434,434,444,214,101,551,580,335,264,462,502,285,397,319,701,712,574,743,512,244,507,539,193,189,610,566,743,380,99,370,560,265,637,269,467,738,663,408,211,514,569,188,279,463,648,493,573,0,379,400,220,398
g96,370,173,615,418,368,20,673,355,234,397,391,18,80,300,41,517,293,468,405,451,521,325,358,532,373,362,697,585,403,222,306,307,560,119,718,224,409,176,380,183,518,551,253,234,530,420,482,479,497,307,380,572,457,529,201,237,359,105,638,409,485,153,330,529,389,365,334,327,139,182,512,198,461,585,743,740,390,708,196,194,277,205,460,411,409,154,585,216,372,567,123,361,478,114,505,379,0,132,591,165
g97,342,193,738,392,241,121,711,457,256,528,480,148,187,219,144,645,417,600,273,406,490,431,448,629,302,407,708,718,278,355,431,177,602,75,846,267,534,44,513,209,517,424,122,152,658,300,587,563,613,437,257,611,455,404,231,137,287,218,746,334,386,84,393,660,521,378,467,262,143,153,567,258,329,709,871,779,377,760,285,297,361,311,583,510,533,22,612,340,504,584,127,491,610,186,375,400,132,0,620,297
