Fahrtkosten,g0,g1,g2,g3,g4,g5,g6,g7,g8,g9,g10,g11,g12,g13,g14,g15,g16,g17,g18,g19,g20,g21,g22,g23,g24,g25,g26,g27,g28,g29,g30,g31,g32,g33,g34,g35,g36,g37,g38,g39,g40,g41,g42,g43,g44,g45,g46,g47,g48,g49,g50,g51,g52,g53,g54,g55,g56,g57,g58,g59,g60,g61,g62,g63,g64,g65,g66,g67,g68,g69,g70,g71,g72,g73,g74,g75,g76,g77,g78,g79,g80,g81,g82,g83,g84,g85,g86,g87,g88,g89,g90,g91,g92,g93,g94,g95,g96,g97,g98,g99,g100,g101,g102,g103,g104,g105,g106,g107,g108,g109,g110,g111,g112,g113,g114,g115,g116,g117,g118,g119,g120,g121,g122,g123,g124,g125,g126,g127,g128,g129,g130,g131,g132,g133,g134,g135,g136,g137,g138,g139,g140,g141,g142,g143,g144,g145,g146,g147,g148,g149,g150,g151,g152,g153,g154,g155,g156,g157,g158,g159,g160,g161,g162,g163,g164,g165,g166,g167,g168,g169,g170,g171,g172,g173,g174,g175,g176,g177,g178,g179,g180,g181,g182,g183,g184,g185,g186,g187,g188,g189,g190,g191,g192,g193,g194,g195,g196,g197,g198,g199,g200,g201,g202,g203,g204,g205,g206,g207,g208,g209,g210,g211,g212,g213,g214,g215,g216,g217,g218,g219,g220,g221,g222,g223,g224,g225,g226,g227,g228,g229,g230,g231,g232,g233,g234,g235,g236,g237,g238,g239,g240,g241,g242,g243,g244,g245,g246,g247,g248,g249
g0,0,521,707,50,483,349,418,713,158,665,365,366,449,167,410,667,619,712,469,90,151,680,351,501,124,205,377,806,337,489,626,340,331,278,839,194,552,349,643,535,184,444,388,204,678,318,832,406,561,517,317,330,126,412,556,238,128,469,640,144,256,258,700,796,652,715,588,117,474,494,329,231,488,690,869,483,49,489,565,329,646,338,582,769,723,343,309,550,643,267,248,556,733,481,439,140,370,342,321,444,205,146,147,598,752,528,634,501,56,764,139,333,704,435,519,548,491,610,634,536,89,419,375,228,390,654,348,540,408,402,531,746,145,599,732,390,708,663,592,532,324,404,187,311,653,876,623,313,390,92,244,514,370,777,576,49,437,750,855,444,181,451,460,651,185,234,401,309,378,783,148,335,319,129,499,303,545,411,297,474,668,561,193,311,503,569,731,166,728,851,815,558,757,627,480,396,652,410,415,396,802,719,538,359,415,68,208,482,445,481,180,520,396,277,345,161,489,487,377,628,448,877,614,662,574,237,288,830,514,308,297,632,684,876,481,446,706,232,284,541,440,684,808,625,772,293,586,495,763,275
g1,521,0,733,571,327,188,847,299,402,447,556,187,129,412,135,620,307,525,382,593,672,280,523,689,495,535,866,644,448,318,323,340,733,243,819,396,529,214,438,17,683,581,253,344,633,476,425,645,634,414,430,745,621,567,38,329,479,145,782,526,576,268,203,562,444,195,408,452,49,65,686,371,444,701,839,914,549,881,134,357,189,366,581,344,414,203,758,245,425,738,276,464,527,77,524,549,173,193,763,277,636,492,594,147,656,650,145,832,465,512,590,239,642,499,274,624,456,452,374,297,437,461,702,534,259,692,435,62,828,872,142,609,607,722,381,303,748,167,670,812,770,644,473,583,759,889,473,576,821,612,439,275,554,836,614,565,863,702,371,689,626,442,732,290,387,652,122,376,526,737,373,569,728,485,890,584,26,657,321,919,750,842,709,557,696,796,667,638,537,817,636,829,819,217,799,359,583,892,245,868,636,716,237,167,251,583,729,686,122,951,415,541,854,264,588,611,566,555,185,786,79,404,665,760,92,687,398,327,20,811,603,359,727,387,734,512,642,528,249,86,592,635,672,426,777,306,80,206,575,281
g2,707,733,0,719,979,619,592,598,586,349,343,596,610,788,627,127,480,297,1009,785,779,576,356,247,809,507,723,263,958,414,467,890,530,685,134,548,206,781,341,730,683,1101,860,753,117,959,612,334,145,318,933,549,668,1072,733,782,804,588,160,841,952,709,727,358,341,852,342,772,728,776,469,526,1059,34,165,622,676,541,629,447,652,433,155,623,456,759,605,504,357,639,640,269,319,657,1071,579,615,738,596,460,911,827,604,880,168,187,697,434,690,379,846,560,128,286,961,158,1067,302,413,444,711,316,426,915,866,52,383,795,572,683,601,224,850,143,512,901,21,715,117,356,602,336,521,1000,110,173,285,999,587,724,880,959,338,104,136,743,593,102,760,322,886,310,346,531,565,555,670,891,1029,111,681,1014,540,808,544,420,734,337,504,648,77,361,745,991,251,279,124,632,299,151,287,346,89,592,412,945,165,719,874,684,267,40,941,649,494,699,792,270,620,717,805,1132,650,744,1029,605,1125,1118,588,182,734,749,92,99,684,600,889,799,748,738,436,429,27,784,321,272,129,477,617,817,269,118,230,343,65,818,805,527,293,573
g3,50,571,719,0,527,398,385,758,199,699,376,414,497,210,459,688,660,743,510,66,102,725,365,503,152,212,333,833,370,527,667,383,306,328,853,230,575,399,677,585,141,465,435,252,698,347,875,406,573,549,352,303,89,434,606,285,161,516,642,162,268,308,748,829,686,765,622,157,524,545,314,268,525,705,883,447,43,460,612,364,694,372,601,813,762,393,275,593,678,230,297,584,765,530,467,140,418,392,288,485,194,174,130,648,775,536,683,482,106,798,133,379,725,456,566,561,527,642,672,576,139,444,363,246,437,667,374,591,376,360,578,772,133,605,773,435,719,712,603,520,290,404,209,324,658,886,653,328,357,42,279,560,381,785,592,29,404,768,902,441,169,478,452,695,225,214,451,349,403,800,198,352,293,160,470,305,595,410,337,437,676,548,143,329,504,563,751,135,759,866,843,546,764,672,463,437,675,366,462,355,829,734,586,409,457,28,157,482,493,439,221,549,358,326,360,140,515,514,424,629,498,924,627,668,623,207,326,879,565,261,296,671,696,923,475,466,727,241,332,591,450,705,833,659,784,339,636,539,793,320
g4,483,327,979,527,0,360,895,626,462,751,711,386,399,317,366,885,623,826,62,510,604,608,681,863,385,614,860,945,205,588,638,143,796,302,1086,485,775,199,738,342,668,288,121,290,898,242,751,790,854,675,206,800,609,285,357,252,372,429,984,398,378,287,512,876,745,427,696,369,296,261,772,486,121,951,1111,962,530,957,459,538,515,551,825,669,735,221,788,551,727,750,353,729,833,372,225,587,368,241,799,532,482,369,616,258,939,850,465,944,441,828,468,419,914,704,72,842,132,738,682,589,400,668,807,352,115,931,613,282,882,886,457,901,485,928,707,95,990,481,891,950,803,788,555,355,975,1148,758,346,867,567,265,67,712,1076,846,505,914,973,674,836,486,669,869,614,468,699,320,182,256,1009,372,327,786,375,967,699,347,800,482,956,975,982,665,326,869,960,941,646,840,1089,941,973,1057,544,916,97,852,893,105,880,938,972,119,332,493,551,663,853,387,965,306,219,879,251,342,633,254,242,395,982,274,711,897,980,419,714,209,615,306,787,708,670,967,684,881,719,914,623,366,259,772,902,968,722,1034,197,318,497,879,413
g5,349,188,619,398,360,0,659,376,216,411,385,28,101,280,61,524,312,481,395,430,500,346,352,528,353,348,680,598,387,234,324,293,546,99,725,208,414,166,395,198,499,535,243,214,537,403,503,472,499,316,363,558,439,513,217,219,338,125,637,388,465,134,350,544,403,381,347,306,150,190,500,184,450,590,750,726,371,696,216,190,298,202,464,431,428,143,570,235,387,550,103,369,493,133,490,362,20,121,575,176,497,356,408,309,582,502,284,653,294,501,442,63,554,351,342,487,460,386,354,250,274,314,519,421,250,572,270,229,640,685,186,549,457,579,419,289,631,314,536,639,581,471,285,489,623,787,405,484,633,436,340,340,384,718,488,396,676,612,506,518,482,309,558,328,200,464,69,311,467,648,207,486,541,344,705,401,208,484,143,731,620,670,531,468,535,632,581,452,496,728,597,659,698,286,621,340,492,705,255,681,591,611,328,31,136,406,554,522,95,763,290,535,666,155,505,424,541,532,41,637,138,531,539,626,225,499,321,481,189,627,419,345,608,527,564,366,554,342,66,241,432,541,616,377,673,229,265,173,536,93
g6,418,847,592,385,895,659,0,924,455,760,352,660,734,584,712,633,797,767,887,430,358,891,375,349,537,311,145,809,755,653,796,755,114,636,717,452,562,733,739,856,250,847,789,606,637,732,1010,289,481,614,735,101,295,816,873,644,544,738,449,546,642,631,974,856,746,1036,695,535,809,844,173,475,907,596,746,68,369,89,832,512,903,508,555,974,860,720,110,757,748,157,587,617,794,782,852,312,673,711,97,642,542,559,279,960,721,424,914,174,454,847,500,609,665,466,922,475,910,689,773,712,495,485,186,628,792,553,456,886,22,95,793,750,491,449,895,800,580,943,488,251,94,288,374,699,490,716,690,704,28,353,662,918,358,607,519,412,19,680,1094,278,519,528,246,847,463,200,727,727,787,701,527,731,118,544,96,282,865,280,530,74,520,263,288,708,344,327,682,252,779,737,828,271,591,860,184,813,643,130,815,99,808,624,933,683,638,357,326,328,736,130,598,934,64,662,736,262,899,898,664,427,791,1104,521,502,865,182,706,1095,848,199,257,779,565,1119,271,464,667,320,603,895,381,643,790,726,649,699,924,726,800,565
g7,713,299,598,758,626,376,924,0,559,250,577,353,278,656,322,471,132,316,681,799,859,33,550,660,729,639,987,418,734,271,139,627,813,473,640,534,432,492,256,283,832,874,547,588,481,758,129,658,555,330,714,830,778,857,269,587,715,250,702,765,838,506,153,312,256,295,266,682,335,364,750,497,743,564,653,984,723,930,173,422,112,422,475,55,157,475,861,170,240,858,477,355,304,272,819,683,355,457,862,287,874,733,731,405,467,594,167,852,660,264,817,379,478,474,570,550,754,299,186,212,646,446,746,794,553,574,468,347,902,977,193,406,832,645,104,597,618,164,582,805,869,658,590,856,664,717,314,850,903,792,707,572,572,699,520,762,937,531,175,692,858,406,738,77,535,758,355,658,814,558,581,848,813,721,938,642,278,670,427,998,643,830,876,832,668,762,495,777,322,631,402,814,686,91,818,654,432,1005,542,975,410,567,528,381,304,760,907,667,286,1047,664,840,951,519,867,745,863,852,340,714,363,180,563,660,206,804,676,201,319,951,666,171,603,199,730,481,477,619,436,372,576,481,455,256,621,580,323,218,350,438
g8,158,402,586,199,462,216,455,559,0,507,265,225,308,203,275,530,461,558,469,248,299,526,240,416,227,153,464,657,381,330,468,337,346,181,713,39,411,282,486,413,284,517,346,182,541,377,676,333,443,363,356,355,224,488,433,218,219,324,548,262,369,180,561,640,495,596,431,186,359,391,313,73,506,565,742,523,163,504,421,172,501,183,448,615,564,267,359,394,485,336,131,405,578,348,494,148,234,256,366,286,352,243,192,505,610,422,496,482,116,606,287,184,566,302,477,430,512,455,475,377,127,279,345,330,350,534,207,434,438,472,385,598,297,499,574,369,591,526,478,488,372,331,93,414,551,759,469,413,428,232,296,473,267,668,451,207,473,616,709,378,330,304,408,495,27,256,279,324,445,650,99,428,339,224,514,237,423,342,138,524,560,520,319,404,420,505,593,236,574,723,664,512,648,476,453,397,510,490,370,467,652,592,481,234,258,200,348,402,306,551,220,564,456,214,443,209,548,542,234,541,339,729,494,558,439,286,315,691,400,411,245,473,567,731,422,315,567,161,152,441,335,547,662,467,649,268,475,341,610,127
g9,665,447,349,699,751,411,760,250,507,0,410,383,352,668,387,222,146,77,796,755,790,231,393,449,723,526,852,196,798,184,131,704,660,506,394,471,209,572,22,439,733,947,645,611,232,812,273,474,327,155,774,679,690,924,435,625,711,321,465,760,855,539,388,135,14,523,77,677,461,505,592,434,854,315,409,813,658,747,320,336,319,327,241,274,112,550,722,202,24,733,484,143,82,383,902,588,397,528,719,240,858,733,632,587,221,375,371,656,623,99,794,375,228,295,712,325,864,71,75,163,625,282,574,812,651,329,336,509,738,830,305,165,805,412,164,694,369,383,348,597,726,475,497,888,423,470,75,884,744,723,744,712,404,449,288,713,770,282,412,498,837,239,542,189,480,631,433,722,878,311,569,890,664,717,754,492,439,485,373,832,399,617,787,870,457,542,245,675,90,386,190,601,437,260,624,748,184,862,650,829,188,317,681,433,280,692,827,462,363,890,682,943,801,566,908,641,952,943,370,480,478,402,324,418,375,680,731,450,466,834,517,91,356,435,528,296,227,498,446,534,383,231,225,40,371,640,505,254,128,420
g10,365,556,343,376,711,385,352,577,265,410,0,373,429,466,422,324,447,426,727,442,440,544,33,152,474,164,443,488,646,307,445,597,249,410,476,232,226,517,389,561,353,780,591,446,332,641,658,89,197,261,621,269,328,750,574,480,470,424,284,504,616,424,645,516,396,729,343,442,529,573,182,225,768,329,506,409,333,353,508,198,570,189,237,625,508,497,313,415,397,330,358,268,451,482,759,237,391,480,309,307,568,493,265,691,415,162,591,282,354,500,504,323,361,115,713,185,775,340,420,365,381,133,169,582,596,291,121,608,330,419,470,426,507,236,542,622,343,618,227,256,317,88,184,667,289,510,343,667,334,382,560,709,6,412,219,401,363,397,750,133,543,175,176,500,250,232,452,588,709,428,365,685,254,474,361,87,568,102,242,425,302,286,413,661,157,250,385,297,439,490,503,274,392,521,248,656,321,452,611,419,486,358,707,415,314,357,459,141,434,480,483,829,390,461,698,267,813,807,372,276,522,757,250,298,550,281,580,758,563,433,111,427,319,775,179,117,363,134,351,623,74,339,480,374,408,526,636,395,465,304
g11,366,187,596,414,386,28,660,353,225,383,373,0,83,306,52,499,284,453,422,449,516,322,340,514,376,349,686,569,416,206,296,321,546,127,700,213,391,193,366,196,510,564,270,240,512,431,478,462,478,290,392,559,450,541,213,247,362,103,619,413,491,161,336,516,374,377,319,329,156,200,498,185,477,566,725,727,384,693,198,176,279,187,441,408,400,170,573,207,358,557,124,343,464,124,518,369,18,148,578,148,521,381,416,317,555,484,270,646,312,472,464,51,528,333,364,467,487,358,325,221,294,295,514,447,276,550,256,235,640,689,165,521,479,560,392,316,608,300,516,629,585,461,287,516,603,763,378,511,634,451,368,363,372,695,466,414,676,587,488,507,505,287,548,302,207,467,79,339,496,623,228,514,542,368,702,396,205,474,134,732,599,659,544,495,521,619,555,461,468,703,568,648,676,263,613,368,466,711,280,685,562,587,347,54,108,420,569,509,80,767,316,563,670,184,533,432,569,560,13,620,149,511,517,606,213,505,350,466,192,636,415,316,585,509,553,347,528,340,84,249,417,516,588,349,649,257,267,145,508,99
g12,449,129,610,497,399,101,734,278,308,352,429,83,0,378,45,501,230,427,444,531,600,249,397,560,453,425,767,546,466,198,245,364,620,195,702,294,404,227,338,131,592,611,295,310,514,486,406,519,506,292,444,634,533,591,144,310,438,31,653,488,560,228,252,478,346,303,299,406,118,165,568,263,504,578,725,801,468,763,115,232,197,240,456,332,347,207,652,155,328,637,204,344,434,52,561,450,80,187,656,150,597,455,497,273,546,521,187,709,394,431,543,127,527,370,363,496,514,343,284,190,375,332,581,516,302,567,308,187,714,768,85,504,558,593,330,345,624,217,543,685,662,518,365,580,631,770,363,574,709,535,430,363,427,713,488,497,750,587,405,563,583,314,606,236,289,545,84,389,546,622,309,574,617,444,772,463,138,532,204,807,623,715,627,557,568,667,553,543,441,702,542,702,695,187,675,401,466,790,299,764,539,595,336,103,122,504,653,558,11,845,386,595,748,242,593,513,609,599,74,657,128,429,539,633,132,584,404,382,140,718,484,272,603,426,607,383,527,414,165,208,464,518,570,323,657,308,208,98,480,181
g13,167,412,788,210,317,280,584,656,203,668,466,306,378,0,333,724,588,729,303,200,292,626,442,616,84,330,543,837,183,484,599,173,490,183,913,240,606,209,649,428,350,314,230,68,736,174,783,528,646,540,159,492,293,285,450,86,68,405,750,114,187,150,609,804,657,596,595,52,362,370,478,263,325,766,942,649,215,651,489,354,570,367,646,710,702,211,475,512,644,435,186,588,746,394,294,285,300,219,487,429,224,79,307,458,800,625,544,652,132,764,180,295,759,502,357,633,329,627,621,517,92,476,519,143,231,736,406,416,572,569,463,781,197,702,698,225,793,572,681,673,490,526,284,221,754,961,644,218,556,250,93,352,469,871,652,189,603,812,774,571,214,495,595,608,222,393,307,143,243,847,107,228,479,73,661,426,438,536,303,641,763,703,350,206,619,698,787,332,745,922,841,698,851,565,628,229,701,576,256,563,831,792,380,275,391,234,352,600,370,648,17,368,563,148,245,322,347,343,319,742,333,802,697,761,483,402,124,737,400,470,428,615,769,792,613,516,761,348,227,410,538,742,847,630,850,133,463,451,783,248
g14,410,135,627,459,366,61,712,322,275,387,422,52,45,333,0,524,272,461,408,490,561,294,389,560,409,402,738,580,422,222,286,322,599,150,726,265,421,186,373,143,560,568,257,265,537,442,451,511,516,313,400,612,499,548,160,265,394,75,660,444,515,183,289,516,380,324,330,363,108,154,550,237,467,597,749,779,432,746,157,223,239,234,472,377,389,165,626,196,363,608,163,366,469,72,519,420,41,144,631,169,554,411,467,270,574,526,223,697,355,470,500,104,551,374,336,505,477,372,323,224,333,336,566,471,264,583,303,185,693,741,129,535,516,600,374,307,641,253,553,678,637,510,340,535,641,791,392,529,687,497,385,335,421,729,501,457,729,611,446,556,540,324,598,280,258,520,45,346,503,646,267,529,594,400,755,448,152,523,186,785,635,708,591,512,567,666,577,511,475,726,576,696,710,231,664,361,489,763,263,738,572,615,313,58,133,467,615,556,36,819,341,556,722,197,548,483,568,558,50,662,107,472,552,643,164,557,360,420,141,686,467,312,618,467,601,388,551,393,127,202,463,540,601,357,677,264,215,135,515,150
g15,667,620,127,688,885,524,633,471,530,222,324,499,501,724,524,0,354,175,919,752,761,450,326,287,757,482,750,176,885,303,341,807,552,600,201,490,118,689,214,615,677,1031,767,681,13,890,488,349,152,210,859,572,651,1004,617,706,749,477,256,791,899,627,601,247,214,730,219,716,619,667,486,462,972,93,226,674,644,598,510,371,528,357,87,496,330,667,625,383,230,650,561,157,199,545,996,554,517,645,617,354,872,773,587,766,91,209,575,495,641,260,806,469,37,232,860,158,981,177,287,325,657,250,452,859,774,112,322,682,611,717,484,120,813,213,385,812,147,591,154,424,625,351,480,942,210,269,159,941,623,700,813,859,319,229,114,709,638,89,634,354,848,229,390,405,505,556,568,814,959,125,617,953,560,754,602,411,618,356,426,698,182,437,738,930,293,355,63,622,179,204,196,421,215,468,467,860,39,752,779,718,176,98,837,553,391,672,783,306,512,763,740,1051,685,661,969,591,1049,1041,489,275,628,623,122,203,565,604,815,672,636,752,433,303,135,657,369,221,38,451,532,705,263,17,158,217,158,737,689,413,183,492
g16,619,307,480,660,623,312,797,132,461,146,447,284,230,588,272,354,0,223,672,708,759,102,422,528,654,522,867,340,695,145,16,594,688,411,538,431,303,458,144,297,722,841,525,524,365,713,219,527,426,198,672,706,670,820,291,531,641,198,574,691,775,446,247,254,148,378,139,607,327,368,624,393,732,446,554,857,623,800,176,307,174,304,348,177,116,438,739,77,129,740,402,225,221,250,791,572,293,417,739,176,796,661,620,443,367,463,225,720,570,205,735,295,367,343,578,420,743,178,71,88,562,315,617,731,531,451,343,367,775,854,166,312,748,516,112,576,499,238,454,673,747,527,478,801,538,613,195,796,777,691,652,579,443,583,392,668,809,424,307,560,778,275,606,55,435,639,315,618,775,455,500,798,689,647,808,516,296,539,323,871,519,698,769,780,536,630,387,665,234,532,330,682,569,114,687,632,315,883,527,852,332,453,544,326,204,659,804,535,241,922,599,825,827,466,817,632,840,829,271,585,348,310,437,535,230,686,631,329,327,836,541,55,482,332,598,350,366,499,361,393,444,366,371,138,510,536,360,139,270,350
g17,712,525,297,743,826,481,767,316,558,77,426,453,427,729,461,175,223,0,870,802,831,302,414,438,779,558,869,119,867,249,207,775,673,574,324,520,205,644,88,516,764,1015,718,675,182,879,314,478,307,195,842,693,726,991,513,691,769,397,430,816,915,606,460,90,81,597,135,734,538,582,605,485,928,265,337,816,701,745,398,385,394,375,221,332,163,622,739,280,99,755,547,162,26,460,972,625,468,600,735,306,910,791,666,665,151,360,447,648,675,85,845,441,170,312,789,307,938,103,152,237,680,308,581,872,725,287,372,587,745,843,382,91,855,383,220,767,318,458,320,583,742,479,537,950,385,401,90,947,753,765,808,789,420,392,265,759,775,217,467,495,889,268,536,262,531,655,507,791,945,243,627,954,679,774,751,511,517,488,428,837,357,600,821,933,445,521,182,706,15,314,115,584,382,336,617,820,143,876,725,843,111,262,758,505,347,734,863,454,438,898,744,1015,812,634,972,673,1023,1014,441,448,554,453,291,378,453,704,799,513,544,858,536,168,309,490,519,309,168,529,511,612,385,179,147,104,309,709,582,329,54,482
g18,469,382,1009,510,62,395,887,681,469,796,727,422,444,303,408,919,672,870,0,486,579,662,697,879,362,617,842,988,160,627,687,133,791,324,1119,496,807,229,781,398,651,226,152,289,932,197,808,801,879,711,168,794,595,225,414,252,350,475,1004,369,334,304,572,923,789,489,738,353,349,317,773,501,61,981,1145,952,518,952,512,562,571,577,855,726,786,252,778,599,771,737,372,765,878,422,164,583,405,273,790,570,444,343,609,320,977,871,523,946,433,875,437,450,949,729,134,866,73,779,729,632,392,694,810,313,145,959,636,341,875,870,508,942,454,950,760,107,1019,540,916,958,793,800,562,305,998,1179,799,296,859,548,236,129,728,1103,874,486,906,1007,735,847,450,698,878,666,478,694,362,160,200,1044,374,274,781,353,962,706,404,811,506,944,1000,989,643,277,884,973,977,635,884,1123,985,982,1084,598,919,74,887,875,145,865,981,1003,182,368,531,535,637,867,433,949,289,159,866,267,289,625,192,180,432,1000,324,772,924,1003,475,705,183,676,362,766,714,717,995,746,892,743,950,630,391,319,790,936,1009,765,1065,201,378,542,923,437
g19,90,593,785,66,510,430,430,799,248,755,442,449,531,200,490,752,708,802,486,0,93,766,430,569,124,278,359,894,336,579,715,367,362,350,918,284,637,405,733,608,180,416,430,256,762,309,919,472,639,607,321,356,143,385,629,285,137,553,708,120,212,325,779,886,742,784,678,149,544,560,376,321,493,770,948,489,108,510,647,419,728,428,666,855,812,403,321,638,733,273,327,644,823,559,424,206,451,406,336,534,129,142,193,656,838,602,713,540,138,854,71,419,789,520,556,627,494,699,724,625,157,506,425,198,431,733,435,606,424,394,614,833,68,671,821,422,785,742,669,581,336,470,271,269,724,952,712,274,404,78,250,550,447,851,657,42,449,833,936,506,103,539,516,739,275,274,477,328,358,865,223,300,348,134,519,371,618,476,386,476,742,609,159,277,570,627,815,191,817,931,903,607,830,711,523,416,738,394,457,388,890,799,581,436,504,89,153,548,526,470,207,508,396,336,306,201,469,469,460,694,517,960,692,734,652,259,302,909,584,282,361,721,762,957,539,530,791,307,365,603,516,769,895,715,850,334,653,582,852,361
g20,151,672,779,102,604,500,358,859,299,790,440,516,600,292,561,761,759,831,579,93,0,826,435,548,218,279,271,914,428,623,765,461,308,429,914,328,652,493,768,687,114,497,522,344,770,398,975,452,636,638,413,298,111,467,708,375,231,619,685,211,290,407,851,917,777,865,714,240,624,644,337,366,585,768,944,412,136,442,715,458,796,465,674,915,858,489,254,693,770,203,399,670,853,633,511,208,521,490,269,583,184,236,175,743,850,593,785,487,207,889,150,481,799,532,649,625,585,730,768,674,236,525,387,284,523,729,459,690,355,310,681,853,137,655,872,516,777,815,662,538,268,450,294,346,708,940,741,352,333,68,343,644,445,835,659,108,376,837,1005,480,161,563,481,795,324,234,553,422,444,868,299,379,294,228,451,359,697,453,435,395,729,563,71,359,548,592,823,150,846,929,926,564,816,774,475,510,752,306,549,303,911,798,673,511,557,100,60,526,596,382,300,595,316,422,382,174,553,554,527,669,598,1026,689,718,726,205,396,982,665,192,344,767,755,1026,506,541,800,310,435,689,511,777,912,750,845,426,736,640,879,423
g21,680,280,576,725,608,346,891,33,526,231,544,322,249,626,294,450,102,302,662,766,826,0,517,630,698,605,953,409,709,238,112,603,780,443,625,500,405,467,236,266,799,850,524,559,461,732,157,626,528,301,688,797,744,833,253,559,684,220,676,735,809,477,159,307,237,299,240,652,314,346,717,463,724,543,639,952,690,898,150,388,102,388,450,89,151,450,828,136,220,825,446,328,293,247,796,650,325,431,828,253,843,703,698,395,452,566,159,820,628,258,786,347,459,443,554,523,735,276,163,179,614,414,714,765,530,551,434,332,869,943,165,393,800,619,105,575,596,162,556,775,836,626,556,828,639,702,292,822,869,758,679,555,540,679,494,729,904,514,206,661,827,375,707,47,502,724,328,633,789,542,549,821,780,690,905,608,262,639,394,965,619,800,842,805,638,733,477,743,309,616,395,784,665,65,787,632,411,971,521,941,401,548,514,352,270,726,874,637,258,1013,635,820,918,491,840,711,841,830,309,688,341,213,538,636,190,770,650,226,301,917,633,147,581,231,699,451,458,585,405,358,545,461,445,233,602,554,312,185,340,405
g22,351,523,356,365,681,352,375,550,240,393,33,340,397,442,389,326,422,414,697,430,435,517,0,182,454,156,458,484,621,279,420,568,269,379,488,205,220,485,371,528,355,757,560,419,335,617,635,122,210,241,596,288,325,727,541,452,450,392,309,486,598,394,614,504,379,697,323,420,496,540,203,195,740,339,518,434,322,381,477,165,539,156,238,599,487,465,328,386,378,341,327,254,439,449,734,229,358,448,326,277,555,473,261,658,415,182,559,314,335,486,490,290,363,102,681,197,746,324,398,337,360,111,196,562,565,303,89,574,353,438,438,422,495,259,519,592,358,587,242,289,333,121,165,647,311,526,328,647,356,375,536,678,32,431,226,388,387,403,723,166,530,154,209,473,223,240,419,561,685,435,339,664,272,454,389,98,535,134,209,449,321,319,414,640,187,282,388,298,428,501,497,307,410,492,280,628,318,469,580,437,481,368,674,382,282,348,458,172,402,502,459,802,409,431,678,266,788,782,339,303,489,730,263,319,518,290,554,729,530,443,124,404,334,747,212,108,365,125,319,590,95,342,478,356,421,497,603,364,456,272
g23,501,689,247,503,863,528,349,660,416,449,152,514,560,616,560,287,528,438,879,569,548,630,182,0,616,296,476,463,797,404,521,749,283,562,378,384,239,667,431,692,445,929,742,598,289,790,719,96,134,329,772,302,439,898,703,632,615,550,139,644,757,576,752,523,436,851,399,588,668,713,224,378,921,248,408,387,462,311,624,338,674,327,217,701,559,647,358,515,443,393,510,311,464,613,909,363,532,629,348,422,697,637,378,830,373,78,704,210,498,522,635,465,317,194,862,131,927,379,483,457,528,231,179,725,748,204,258,745,328,437,587,406,636,108,604,774,238,729,138,147,355,99,331,809,160,394,374,810,342,500,709,860,151,287,175,530,353,331,835,75,672,260,104,583,402,317,593,740,858,353,516,829,293,618,316,198,699,95,388,411,183,170,506,805,8,107,333,398,447,397,483,154,268,620,181,809,302,473,762,439,463,276,854,559,439,479,554,23,567,478,633,980,405,613,842,375,963,958,511,127,663,835,172,170,671,357,731,854,699,492,207,494,220,860,82,183,319,271,501,762,97,295,442,422,309,679,769,509,462,453
g24,124,495,809,152,385,353,537,729,227,723,474,376,453,84,409,757,654,779,362,124,218,698,454,616,0,321,480,881,218,540,664,243,454,259,938,267,639,293,702,511,293,320,310,150,768,195,855,523,664,586,200,453,241,288,533,170,15,478,754,37,143,229,690,857,711,680,647,47,445,454,453,297,373,789,967,600,172,611,566,395,647,407,674,784,765,295,427,579,699,382,253,630,797,473,316,262,373,302,440,487,144,22,271,542,837,636,625,625,119,820,96,359,793,528,432,651,375,676,681,578,100,506,499,108,310,756,434,500,528,511,538,823,113,710,765,298,812,652,697,655,442,521,289,193,764,981,691,193,509,188,127,427,478,886,675,126,556,842,853,564,131,531,582,677,252,358,387,204,254,877,154,213,442,10,620,420,521,530,350,589,776,685,281,189,619,690,820,286,795,949,888,681,865,639,604,292,737,514,335,505,876,817,459,352,452,180,277,598,446,589,86,397,510,231,225,284,365,363,389,744,416,880,716,772,564,357,178,819,484,404,417,676,788,872,602,540,794,345,294,494,548,774,888,684,873,214,547,519,832,305
g25,205,535,507,212,614,348,311,639,153,526,164,349,425,330,402,482,522,558,617,278,279,605,156,296,321,0,348,636,513,377,524,483,198,332,640,141,373,434,503,545,207,637,499,328,491,502,741,202,361,370,490,210,170,606,562,365,320,432,435,348,461,333,671,647,512,726,450,296,497,534,160,164,650,493,671,378,169,353,528,216,603,218,394,693,606,419,227,469,507,219,280,396,581,472,623,73,362,407,230,352,405,342,108,651,571,324,609,329,204,623,341,299,519,253,630,349,655,461,515,434,238,249,193,429,503,455,189,575,292,343,490,574,344,394,630,519,506,638,390,343,237,200,63,513,448,674,469,515,285,219,422,626,169,573,382,237,328,559,803,242,380,289,265,566,155,120,416,465,568,590,243,535,193,323,362,98,554,208,223,383,464,374,263,510,298,369,544,149,572,654,649,367,553,566,302,543,473,368,523,340,633,522,634,372,339,192,306,277,426,419,347,699,322,367,546,115,676,672,354,423,481,817,414,457,557,164,452,796,537,314,98,518,483,826,283,261,521,30,292,585,238,498,632,486,572,418,613,428,604,254
g26,377,866,723,333,860,680,145,987,464,852,443,686,767,543,738,750,867,869,842,359,271,953,458,476,480,348,0,923,696,721,868,717,198,636,851,473,666,722,830,878,193,767,766,580,755,668,1085,400,600,699,680,177,254,737,897,616,491,777,587,479,560,623,1016,959,837,1061,781,490,823,853,265,504,853,724,881,166,334,230,874,564,950,565,667,1040,943,712,129,817,836,130,592,711,895,810,782,317,697,708,134,700,449,500,271,963,840,545,953,319,426,944,421,639,784,558,897,593,854,782,853,779,465,569,298,555,768,680,525,897,159,53,836,862,408,581,972,768,713,983,613,394,126,399,403,616,625,855,786,622,139,293,607,892,449,746,636,355,154,805,1151,401,429,613,377,913,479,228,744,682,715,829,513,650,190,489,235,359,887,394,569,141,654,407,201,629,472,468,803,228,882,871,940,416,729,914,326,770,755,35,792,48,922,752,915,699,688,309,222,453,766,112,554,866,81,648,652,255,824,825,693,566,802,1165,646,637,899,183,658,1143,864,79,334,857,696,1175,403,560,786,368,617,902,489,762,908,815,783,671,939,777,907,588
g27,806,644,263,833,945,598,809,418,657,196,488,569,546,837,580,176,340,119,988,894,914,409,484,463,881,636,923,0,980,363,324,891,725,688,240,617,264,762,207,635,839,1129,836,785,174,991,389,523,329,296,956,745,806,1104,631,803,872,516,418,918,1020,719,568,115,200,708,251,838,657,701,658,584,1046,239,244,850,790,774,516,486,506,474,255,425,261,740,796,399,219,818,658,251,118,579,1087,706,585,718,789,421,1008,895,744,783,95,386,561,671,773,156,942,554,148,383,908,334,1056,212,270,356,781,389,626,978,843,275,459,706,787,891,501,62,951,384,316,885,284,569,328,598,797,524,624,1058,369,317,194,1055,798,850,919,908,482,337,290,851,814,162,553,530,985,355,566,374,630,721,625,905,1058,171,732,1064,733,877,778,576,635,531,533,874,336,610,898,1042,469,527,140,782,106,225,24,594,332,450,643,938,168,926,843,892,8,222,877,622,462,820,942,482,558,939,852,1132,859,749,1081,750,1138,1129,558,439,673,533,295,359,570,770,912,606,663,921,599,286,283,574,545,376,145,606,623,731,434,168,40,222,249,824,700,449,70,591
g28,337,448,958,370,205,387,755,734,381,798,646,416,466,183,422,885,695,867,160,336,428,709,621,797,218,513,696,980,0,617,708,108,668,292,1079,416,767,241,781,465,511,148,197,205,897,37,863,711,819,688,25,668,459,125,485,178,210,497,930,216,174,261,651,932,789,596,731,223,403,388,660,432,157,934,1107,818,387,826,560,514,632,528,811,784,811,259,645,618,774,600,324,739,879,461,113,466,403,278,657,560,283,197,483,433,954,802,593,834,313,888,281,426,918,672,271,807,157,768,741,637,275,642,702,153,193,907,575,425,745,729,544,928,297,880,796,154,965,615,856,856,660,709,467,152,932,1132,786,143,727,406,93,265,649,1046,822,344,774,973,818,754,290,656,779,702,398,571,382,76,80,1009,281,127,656,210,836,610,473,719,459,807,939,887,495,123,801,881,946,503,882,1086,981,881,1026,644,810,110,858,730,212,723,974,959,311,369,519,398,484,782,455,806,166,185,728,232,145,498,166,161,428,923,373,852,869,938,536,574,69,769,430,618,612,731,941,833,796,686,919,532,357,409,716,902,995,763,1019,158,470,556,921,393
g29,489,318,414,527,588,234,653,271,330,184,307,206,198,484,222,303,145,249,627,579,623,238,279,404,540,377,721,363,617,0,147,527,543,325,504,296,211,399,164,316,579,766,475,427,316,630,364,390,324,95,593,560,530,742,320,442,528,174,474,577,671,357,347,319,173,453,113,494,316,363,480,258,684,382,527,713,488,660,224,166,270,161,263,321,234,377,594,111,160,595,300,146,262,243,723,430,222,355,594,57,677,550,477,465,351,349,302,585,445,280,614,192,329,211,558,315,693,152,145,58,443,178,475,628,481,374,197,380,631,708,191,314,626,414,252,522,430,325,358,544,601,390,336,704,446,572,171,700,632,555,560,558,302,518,299,538,666,389,443,427,657,143,472,194,303,493,268,542,696,424,386,707,544,534,668,371,319,403,193,727,434,571,628,686,412,510,355,522,264,504,363,556,500,216,551,574,268,737,484,706,356,398,534,259,98,523,665,408,208,777,498,769,682,385,725,488,774,766,195,481,325,451,349,446,276,540,550,453,334,691,396,143,409,468,467,220,329,354,262,403,313,319,382,146,459,461,391,114,303,236
g30,626,323,467,667,638,324,796,139,468,131,445,296,245,599,286,341,16,207,687,715,765,112,420,521,664,524,868,324,708,147,0,608,687,424,523,437,293,472,129,313,726,855,540,536,352,726,216,523,416,192,686,705,675,834,308,543,651,213,564,701,786,458,261,238,132,393,128,617,343,384,623,399,747,433,539,855,629,797,192,311,189,307,337,181,103,452,740,90,114,742,413,216,205,266,806,576,306,431,740,182,805,671,623,459,351,455,240,716,578,189,744,305,353,338,594,411,758,165,56,92,572,312,615,742,546,439,343,384,773,854,182,296,757,507,106,590,486,253,444,667,747,523,482,813,527,598,182,808,776,697,665,595,440,570,382,676,808,409,313,556,787,271,601,64,442,640,329,631,789,440,510,811,689,657,804,515,313,535,330,870,507,691,773,792,529,623,373,669,218,516,314,676,556,130,682,646,302,883,542,852,315,439,560,339,212,665,809,529,256,921,610,840,827,479,829,635,854,844,283,576,363,314,426,524,246,687,644,338,343,838,540,39,470,338,592,345,352,501,372,409,439,352,355,124,495,549,376,151,254,359
g31,340,340,890,383,143,293,755,627,337,704,597,321,364,173,322,807,594,775,133,367,461,603,568,749,243,483,717,891,108,527,608,0,658,207,1006,365,692,136,688,357,524,247,90,155,820,138,757,670,756,604,92,662,466,229,377,118,229,395,877,257,258,181,543,836,696,492,640,226,295,280,639,373,171,864,1032,821,388,819,453,442,524,456,739,677,711,156,647,518,680,608,249,657,786,355,197,450,307,177,658,469,350,227,477,332,872,745,485,812,301,791,329,339,839,606,191,743,178,679,644,542,260,573,677,224,87,840,511,318,743,743,439,841,346,824,693,58,899,507,793,825,662,668,429,251,873,1062,698,243,727,423,128,186,598,982,754,362,774,896,710,715,350,582,745,598,347,561,279,44,186,932,240,232,648,232,829,573,365,679,386,814,877,856,522,223,754,841,867,504,790,1011,890,849,962,538,786,60,778,750,110,737,884,887,224,271,429,408,520,737,353,822,162,244,737,146,251,493,247,238,334,872,265,744,803,879,428,573,73,661,322,643,580,633,875,725,759,621,840,496,275,303,663,825,908,671,948,71,364,457,829,317
g32,331,733,530,306,796,546,114,813,346,660,249,546,620,490,599,552,688,673,791,362,308,780,269,283,454,198,198,725,668,543,687,658,0,527,661,339,469,627,638,742,193,772,686,506,557,649,903,203,403,509,647,20,219,740,759,544,459,624,405,469,573,524,860,763,646,923,591,445,696,732,67,362,816,529,691,180,281,161,718,398,789,395,469,864,756,613,75,645,646,117,477,518,699,668,770,209,560,602,66,530,485,476,184,849,643,349,800,179,359,749,434,495,586,364,818,395,820,589,667,601,399,380,103,553,689,486,345,774,94,170,679,664,428,390,788,701,521,829,418,233,73,201,261,630,438,672,592,634,90,283,575,814,255,563,438,336,130,609,983,207,460,423,191,737,352,97,614,633,708,634,424,659,14,460,171,172,751,196,416,187,465,256,249,635,279,296,606,171,686,680,742,258,545,747,167,717,557,203,711,169,724,558,826,571,525,278,294,259,622,234,506,851,140,556,666,170,820,818,550,385,679,993,450,449,751,103,614,982,735,209,146,673,503,1007,218,365,588,206,491,783,291,564,710,624,592,599,811,613,709,452
g33,278,243,685,328,302,99,636,473,181,506,410,127,195,183,150,600,411,574,324,350,429,443,379,562,259,332,636,688,292,325,424,207,527,0,799,193,485,106,488,258,447,441,180,115,613,306,600,491,554,398,268,536,384,417,279,119,244,223,682,294,366,34,431,641,497,436,438,214,195,218,492,186,374,658,825,704,309,685,307,238,387,252,532,527,527,88,538,334,482,511,53,450,587,213,399,326,119,75,546,267,404,261,367,327,665,548,365,657,222,598,353,133,632,404,303,542,382,476,451,347,193,370,520,322,186,635,312,263,620,648,280,636,369,627,519,216,694,394,592,655,551,490,269,389,674,856,494,384,609,369,241,300,411,779,550,321,654,689,593,538,391,375,573,427,177,436,127,217,371,725,130,387,520,250,694,406,268,502,182,704,676,686,469,368,567,660,660,407,589,804,688,677,759,382,627,260,571,664,200,644,681,681,303,92,227,342,486,552,187,728,191,451,634,61,405,384,451,443,140,679,169,620,599,679,304,464,225,561,236,575,419,443,671,613,583,419,633,335,68,266,470,618,703,471,742,137,308,272,628,112
g34,839,819,134,853,1086,725,717,640,713,394,476,700,702,913,726,201,538,324,1119,918,914,625,488,378,938,640,851,240,1079,504,523,1006,661,799,0,674,313,890,393,813,818,1224,969,875,188,1082,627,468,279,412,1054,680,802,1196,814,901,932,677,270,971,1082,825,782,354,390,916,412,900,820,867,602,650,1172,148,30,741,810,660,703,565,713,551,268,655,486,868,737,578,409,772,758,359,338,745,1191,713,718,846,727,556,1043,956,739,964,173,321,763,552,820,389,978,669,176,411,1062,291,1181,368,467,522,840,438,558,1044,975,185,507,881,698,810,680,234,983,271,543,1012,139,777,252,472,733,470,652,1128,227,78,348,1127,715,858,1004,1061,471,126,263,877,717,116,788,453,1019,424,474,583,691,690,770,1010,1152,83,806,1141,672,937,661,554,816,470,621,769,197,473,879,1118,381,394,151,766,319,23,263,459,134,653,534,1059,236,846,981,812,247,121,1038,754,593,833,927,402,713,839,930,1249,777,859,1156,739,1245,1238,691,293,830,770,226,215,759,734,1010,836,835,870,571,483,160,809,448,398,176,611,731,905,403,185,199,401,69,935,885,612,297,689
g35,194,396,548,230,485,208,452,534,39,471,232,213,294,240,265,490,431,520,496,284,328,500,205,384,267,141,473,617,416,296,437,365,339,193,674,0,372,298,449,407,301,554,367,214,501,413,647,305,405,325,391,350,244,525,425,248,259,306,514,302,409,198,545,602,458,589,394,226,357,392,300,38,536,526,703,519,192,494,404,135,482,145,408,589,531,281,361,366,449,343,140,366,540,337,529,156,224,267,367,255,390,282,203,509,570,386,481,464,155,570,325,166,526,263,495,393,543,417,441,345,166,239,327,369,371,496,167,434,433,476,366,558,335,464,543,393,553,511,441,465,373,303,78,453,515,721,430,452,425,260,333,491,234,631,412,242,469,576,688,351,368,265,383,467,18,255,275,356,482,611,134,466,334,264,504,214,416,315,107,522,523,496,341,443,389,476,553,249,535,684,625,487,611,453,434,425,470,497,389,472,612,553,496,231,230,228,374,371,293,554,257,597,458,234,482,219,583,577,220,508,340,706,456,522,426,291,348,673,397,425,226,440,529,710,396,276,527,142,151,443,300,507,623,431,611,295,473,316,571,115
g36,552,529,206,575,775,414,562,432,411,209,226,391,404,606,421,118,303,205,807,637,652,405,220,239,639,373,666,264,767,211,293,692,469,485,313,372,0,578,191,527,575,913,657,564,130,772,480,272,123,116,742,489,543,886,531,589,631,383,271,673,781,511,543,294,196,660,166,598,522,570,401,344,859,175,340,611,531,542,432,253,466,239,51,469,320,556,537,310,204,556,444,77,231,452,879,444,409,534,532,254,756,654,480,676,200,166,506,447,524,286,690,357,154,119,755,118,867,140,248,249,538,133,376,741,663,163,205,590,540,639,401,202,697,213,367,699,220,527,152,387,540,274,366,824,238,372,134,822,548,589,694,753,219,308,90,595,570,206,605,291,733,111,334,357,387,458,464,697,841,242,499,835,475,636,548,313,531,282,308,632,223,408,634,812,247,334,181,518,217,319,278,392,290,407,416,746,100,672,670,638,261,196,735,444,287,560,678,253,414,693,622,936,607,546,851,486,932,925,382,282,528,601,139,237,486,507,698,632,543,659,337,261,198,629,319,112,155,342,417,612,180,136,259,183,258,621,603,325,240,376
g37,349,214,781,399,199,166,733,492,282,572,517,193,227,209,186,689,458,644,229,405,493,467,485,667,293,434,722,762,241,399,472,136,627,106,890,298,578,0,556,231,529,384,78,148,702,266,622,598,655,482,221,634,467,365,252,123,278,259,786,322,362,102,417,703,564,387,511,257,165,163,595,292,284,753,916,801,388,786,318,339,392,352,627,543,574,22,632,382,548,601,159,535,654,220,333,421,176,44,641,342,429,287,458,250,748,652,356,762,297,657,390,221,720,505,197,643,294,551,509,409,260,469,625,321,84,733,415,207,718,739,303,714,407,730,556,123,792,380,692,761,645,597,373,369,777,951,571,363,706,441,225,193,517,878,648,385,752,778,585,644,422,470,679,461,282,533,143,166,321,814,209,358,619,283,796,512,240,609,284,800,776,793,542,344,673,766,747,495,659,894,760,783,858,402,732,176,658,752,94,734,755,775,199,140,302,417,553,658,216,819,209,371,727,73,377,475,381,372,204,784,135,617,698,781,297,557,186,541,199,656,524,498,768,601,690,520,720,440,168,201,575,707,781,540,836,92,255,322,699,215
