Fahrtkosten,g0,g1,g2,g3,g4,g5,g6,g7,g8,g9,g10,g11,g12,g13,g14,g15,g16,g17,g18,g19,g20,g21,g22,g23,g24,g25,g26,g27,g28,g29,g30,g31,g32,g33,g34,g35,g36,g37,g38,g39,g40,g41,g42,g43,g44,g45,g46,g47,g48,g49,g50,g51,g52,g53,g54,g55,g56,g57,g58,g59,g60,g61,g62,g63,g64,g65,g66,g67,g68,g69,g70,g71,g72,g73,g74,g75,g76,g77,g78,g79,g80,g81,g82,g83,g84,g85,g86,g87,g88,g89,g90,g91,g92,g93,g94,g95,g96,g97,g98,g99,g100,g101,g102,g103,g104,g105,g106,g107,g108,g109,g110,g111,g112,g113,g114,g115,g116,g117,g118,g119,g120,g121,g122,g123,g124,g125,g126,g127,g128,g129,g130,g131,g132,g133,g134,g135,g136,g137,g138,g139,g140,g141,g142,g143,g144,g145,g146,g147,g148,g149,g150,g151,g152,g153,g154,g155,g156,g157,g158,g159,g160,g161,g162,g163,g164,g165,g166,g167,g168,g169,g170,g171,g172,g173,g174,g175,g176,g177,g178,g179,g180,g181,g182,g183,g184,g185,g186,g187,g188,g189,g190,g191,g192,g193,g194,g195,g196,g197,g198,g199,g200,g201,g202,g203,g204,g205,g206,g207,g208,g209,g210,g211,g212,g213,g214,g215,g216,g217,g218,g219,g220,g221,g222,g223,g224,g225,g226,g227,g228,g229,g230,g231,g232,g233,g234,g235,g236,g237,g238,g239,g240,g241,g242,g243,g244,g245,g246,g247,g248,g249
g0,0,417,514,486,307,518,614,870,389,313,827,739,557,586,1009,765,807,387,251,860,412,516,358,807,370,865,843,624,759,521,569,724,900,656,724,470,775,483,482,568,387,785,853,411,244,760,938,524,352,927,296,719,525,609,608,434,710,950,454,545,297,757,345,865,724,656,551,494,881,516,977,707,971,480,453,254,529,433,303,905,181,886,669,145,805,684,451,560,335,580,246,656,996,394,638,682,585,283,344,957,674,712,441,565,979,542,1062,760,642,805,157,369,257,296,828,320,818,633,411,672,344,325,800,630,184,131,591,802,456,333,482,193,625,530,375,1019,843,883,540,715,766,282,623,543,189,574,415,214,825,428,497,551,561,601,270,803,683,857,756,993,34,679,446,452,672,678,887,359,357,391,610,599,722,530,800,523,424,370,99,723,441,442,293,447,552,982,639,869,362,188,828,1078,352,596,618,338,157,607,532,582,313,256,595,223,549,851,54,219,447,605,213,658,485,635,219,316,548,549,341,477,574,650,602,181,425,1016,998,624,717,386,241,595,158,717,614,719,626,310,531,889,538,542,454,347,539,762,709,530,472,646
g1,417,0,228,379,118,107,197,569,553,689,858,511,164,366,701,354,790,57,596,604,104,433,155,754,699,470,622,214,351,378,178,322,876,239,420,646,361,641,149,507,31,412,484,11,593,536,672,643,694,909,121,693,124,661,258,563,312,661,96,289,254,665,574,569,671,259,192,507,627,146,600,786,980,181,345,577,112,453,286,846,302,703,476,339,587,601,236,333,473,686,508,544,681,697,259,548,536,219,157,973,608,347,213,381,653,124,707,794,261,768,312,595,165,126,462,171,860,725,175,259,464,101,864,267,587,368,273,653,80,100,517,223,215,419,382,689,546,830,711,561,839,631,390,166,465,593,548,516,790,45,126,162,279,375,505,395,657,782,485,1004,391,505,680,48,560,278,916,161,88,362,301,675,546,389,640,684,169,269,444,759,29,158,305,495,339,610,587,537,54,595,874,714,182,269,284,144,341,341,308,314,654,642,701,620,193,449,387,295,300,201,517,303,103,313,399,196,326,134,120,324,434,272,742,490,143,691,675,208,654,192,647,193,515,326,224,719,748,278,235,695,299,152,354,680,145,529,807,314,480,527
g2,514,228,0,202,306,194,262,366,469,706,670,283,333,140,505,327,589,192,604,384,332,251,158,545,679,378,396,221,310,181,346,265,670,283,215,547,346,534,81,319,243,282,345,238,605,308,456,515,685,703,267,495,164,498,111,457,248,454,316,61,462,449,520,363,467,206,93,355,407,345,469,622,779,403,184,576,240,322,495,631,470,474,249,384,359,392,77,108,401,546,491,331,489,662,163,329,348,422,376,774,405,209,441,164,468,237,548,611,419,562,363,534,281,306,318,195,675,573,403,350,385,297,687,442,642,411,474,427,297,219,373,345,331,227,276,507,341,617,599,337,668,635,608,120,472,426,449,518,584,182,120,142,54,595,474,348,463,566,266,802,500,280,607,258,346,227,724,156,197,245,503,522,319,189,413,572,397,177,495,579,241,385,262,365,563,472,391,355,246,654,691,565,161,467,475,182,502,114,532,528,650,673,558,664,388,376,506,478,528,193,521,155,308,121,387,197,103,267,191,143,225,171,610,505,102,506,488,255,447,127,699,184,549,242,378,529,608,232,450,467,521,143,193,667,151,302,650,96,332,314
g3,486,379,202,0,404,383,462,423,297,587,480,263,518,139,554,522,411,325,486,387,476,53,235,380,535,545,360,423,503,43,532,457,499,485,305,360,542,344,264,128,379,439,486,386,490,281,465,318,548,531,353,314,358,297,300,272,440,488,475,166,552,300,364,415,295,404,295,155,406,518,602,422,601,560,38,454,428,134,583,475,516,401,187,341,323,230,147,137,248,344,368,182,548,508,357,201,157,510,491,594,232,374,581,99,542,428,647,417,610,391,332,371,338,399,459,245,483,371,539,550,229,405,491,628,560,358,649,321,459,317,175,381,528,47,127,582,397,457,404,231,470,512,769,321,372,225,269,407,413,338,309,343,198,753,342,536,277,415,302,625,485,193,432,421,200,423,538,228,307,100,678,320,236,48,317,378,537,135,429,383,402,533,193,173,714,599,208,450,369,573,498,675,213,643,655,258,536,194,684,693,519,567,357,571,565,552,500,538,657,395,410,329,477,272,291,226,129,457,282,59,88,362,410,407,238,574,556,457,279,189,609,386,460,429,569,340,406,182,614,403,676,342,33,528,349,287,448,120,134,169
g4,307,118,306,404,0,225,313,666,511,596,867,585,251,430,802,472,811,117,509,690,114,456,171,785,620,588,698,333,470,417,263,441,901,355,515,606,479,606,238,528,87,526,598,110,506,610,762,619,612,933,53,713,241,657,362,531,430,756,149,360,156,703,516,665,699,377,296,506,713,213,716,779,998,199,367,496,227,445,189,880,183,770,538,255,661,635,284,398,432,668,437,584,784,625,372,595,556,116,88,989,637,458,191,434,758,240,819,800,340,794,229,539,87,12,575,160,866,712,149,365,426,18,863,333,485,282,311,708,149,90,509,119,318,450,368,795,642,862,675,615,835,544,392,276,386,596,515,436,816,147,231,276,360,373,440,514,676,820,572,1022,278,562,626,146,601,396,927,178,109,358,336,665,606,427,698,651,153,274,349,763,137,161,273,482,328,725,611,642,68,491,879,828,191,313,333,147,222,420,299,327,571,545,683,519,252,567,272,180,254,319,437,410,179,410,335,182,388,243,125,360,476,385,716,407,204,796,780,325,683,219,544,311,422,442,309,733,728,256,257,765,296,266,374,600,260,606,796,373,478,568
g5,518,107,194,383,225,0,100,487,606,777,861,457,140,331,614,248,783,133,680,535,183,436,205,739,776,364,564,107,244,371,152,216,864,140,344,694,256,686,119,507,137,311,383,115,678,481,597,679,775,897,222,688,32,679,177,607,206,579,149,253,354,643,639,488,661,154,119,529,558,157,496,804,973,228,356,659,46,483,385,825,409,652,437,427,531,586,236,301,529,716,584,525,592,770,162,523,537,323,254,968,598,252,280,358,561,45,607,800,227,756,401,657,261,233,363,236,865,749,252,180,516,208,875,248,683,456,283,615,130,187,542,325,147,415,420,595,465,811,754,528,853,714,421,86,546,608,595,597,778,91,75,71,232,411,575,288,654,760,417,996,494,470,740,97,540,172,916,210,166,395,311,698,506,379,600,727,241,304,537,767,94,222,363,526,384,507,583,446,159,692,880,611,231,274,282,208,448,290,355,342,736,733,730,713,197,342,491,401,372,95,599,214,127,240,472,257,297,74,192,324,419,175,777,575,156,599,584,107,641,223,743,88,605,221,186,720,779,333,266,641,342,62,366,759,54,472,829,290,503,508
g6,614,197,262,462,313,100,0,480,702,878,931,487,127,386,594,165,847,233,781,546,243,512,305,798,877,298,586,59,168,443,131,156,923,42,355,788,168,779,203,581,228,274,341,204,779,511,598,768,876,956,318,755,111,759,200,700,154,571,198,313,422,698,738,483,724,119,170,613,567,171,440,884,1035,253,439,760,86,572,450,878,492,681,484,527,557,648,320,360,626,802,684,585,570,870,157,578,610,396,322,1031,663,234,317,420,535,73,562,873,175,817,501,755,359,322,326,337,936,832,300,87,613,295,950,207,782,557,266,657,184,287,629,420,77,489,513,564,463,866,846,577,930,815,412,141,647,687,689,698,839,191,160,119,286,407,676,210,723,812,434,1058,588,518,837,169,599,125,984,309,266,486,290,782,550,451,640,819,285,398,637,841,175,263,462,615,391,454,652,425,252,790,952,560,329,254,253,309,532,335,365,335,837,833,816,813,191,269,584,479,406,78,700,217,165,263,573,357,359,77,293,402,484,165,865,676,251,572,558,18,703,319,842,83,705,176,139,790,865,431,271,667,349,120,449,860,114,499,911,356,588,568
g7,870,569,366,423,666,487,480,0,710,1010,673,178,602,291,139,390,568,549,909,105,666,428,524,500,955,294,177,421,369,379,610,345,608,465,151,754,410,732,427,440,591,224,195,580,913,176,122,687,970,634,632,512,456,609,312,675,338,92,635,325,819,407,783,11,468,360,377,536,115,637,244,700,720,714,441,877,522,547,852,537,836,272,254,731,178,408,419,311,670,687,791,363,127,925,329,330,455,781,726,724,436,246,767,324,120,511,234,642,650,528,714,787,647,668,187,559,687,686,737,538,651,655,721,686,975,754,746,312,616,584,561,711,553,398,550,159,26,536,777,296,719,935,892,405,790,549,676,828,543,526,443,415,314,886,765,365,503,480,120,739,860,273,836,581,363,358,705,520,560,519,771,645,259,374,291,753,727,503,834,627,571,709,589,576,865,230,453,80,601,987,703,269,522,734,733,548,869,263,837,814,941,989,693,989,667,328,868,843,859,410,831,272,613,256,706,556,323,537,558,404,353,318,755,825,467,150,133,463,448,486,1027,411,876,313,618,560,736,565,745,249,823,425,445,949,433,160,735,341,530,355
g8,389,553,469,297,511,606,702,710,0,327,443,536,716,436,833,796,440,496,244,655,618,281,403,456,249,838,609,677,780,339,731,734,528,734,602,95,814,99,501,282,537,732,783,555,251,548,730,135,269,553,463,366,591,232,579,52,718,764,639,453,607,438,81,701,386,674,555,181,671,697,899,318,588,707,294,211,642,164,628,549,519,613,457,289,578,375,393,432,80,191,152,379,831,215,632,413,282,572,594,572,355,665,702,394,830,648,940,377,814,447,304,78,424,500,756,381,432,244,660,785,89,522,411,820,358,279,816,517,629,457,156,418,752,312,192,869,685,526,165,454,377,256,902,571,202,223,38,198,464,529,542,590,483,883,123,817,335,513,591,608,410,447,138,601,389,695,502,398,464,224,843,215,479,341,524,143,665,304,292,342,582,671,247,135,836,896,319,744,516,372,441,969,376,815,833,408,517,490,809,838,250,329,206,349,744,841,432,554,749,649,200,616,655,563,189,357,423,671,432,339,356,640,217,221,451,859,842,702,386,383,387,639,271,711,775,353,238,275,766,624,807,586,286,248,590,559,320,411,181,378
g9,313,689,706,587,596,777,878,1010,327,0,729,846,845,721,1141,1009,750,645,102,969,709,589,581,777,111,1084,929,873,998,631,858,957,832,917,884,348,1023,372,705,605,662,988,1048,686,101,861,1046,432,80,852,570,688,774,545,816,377,941,1074,746,713,610,766,245,1003,711,890,772,505,986,809,1171,593,869,785,569,132,799,472,616,864,495,939,767,350,896,703,629,708,343,479,219,703,1135,158,859,737,608,594,650,852,682,915,752,685,1129,809,1231,672,937,764,377,254,525,584,1021,544,714,527,719,948,362,614,680,929,138,321,897,844,744,592,482,477,904,615,460,1169,984,841,393,776,645,74,936,776,235,549,366,187,778,686,734,790,738,914,244,1041,660,835,890,887,347,763,272,732,714,912,781,578,611,491,919,518,798,635,850,392,730,530,247,641,716,746,443,455,866,1171,646,1032,637,142,717,1255,562,902,923,571,468,764,845,893,78,58,489,98,848,1078,366,532,761,849,185,861,774,821,318,528,697,823,585,611,663,870,463,203,646,1161,1144,884,713,586,109,839,174,942,905,667,496,474,839,950,850,782,565,94,782,870,579,681,499,700
g10,827,858,670,480,867,861,931,673,443,729,0,516,998,549,738,952,105,803,670,574,951,427,709,175,622,925,500,884,930,490,1012,887,122,947,657,384,974,363,741,353,856,820,836,865,678,507,616,309,652,130,814,178,834,219,743,394,871,672,955,618,998,267,508,662,215,850,760,362,574,999,916,136,145,1038,513,641,906,425,1025,190,931,430,473,707,495,290,627,572,492,255,595,353,751,575,800,371,324,958,956,130,270,781,1054,511,772,906,892,68,1088,146,715,490,788,859,815,709,20,203,1011,1018,485,872,67,1108,793,706,1129,362,939,787,362,809,1001,445,501,801,660,173,336,391,93,671,1247,790,644,271,413,640,135,819,786,812,646,1230,566,952,207,212,595,166,844,439,457,902,342,865,61,702,782,509,1158,228,428,481,383,337,1011,596,734,106,882,1009,602,394,1189,903,279,744,844,807,32,932,683,1124,1136,727,938,607,1159,1172,653,749,242,778,1046,946,865,963,1122,857,642,753,958,692,612,685,572,935,753,538,446,800,267,664,719,783,772,923,237,666,813,849,714,852,1047,141,233,613,1093,454,1152,814,504,635,821,524,156,575,390,369
g11,739,511,283,263,585,457,487,178,536,846,516,0,592,158,296,457,414,475,747,123,615,258,422,350,784,410,113,430,434,221,603,396,470,488,148,576,480,554,362,262,526,309,319,521,751,25,202,508,801,500,542,346,425,431,288,499,382,228,595,225,742,250,613,169,303,379,337,359,143,614,406,527,585,680,289,714,500,376,775,410,736,195,79,595,76,236,307,189,503,509,629,186,294,752,333,154,276,701,659,586,262,283,723,173,297,493,413,477,662,376,582,615,546,584,299,450,528,509,686,565,484,579,558,692,823,615,738,177,576,496,385,603,564,230,390,335,157,403,598,126,552,771,879,371,635,371,502,670,394,465,393,388,231,868,602,448,331,346,79,606,734,94,660,537,187,387,555,417,476,363,766,467,88,214,157,575,679,369,690,458,522,666,447,401,840,396,277,234,529,836,544,447,412,728,733,448,764,169,809,799,775,829,515,834,654,433,746,750,811,409,673,275,582,224,554,440,200,523,464,261,182,328,576,670,381,323,307,474,282,377,872,405,723,360,624,392,559,428,723,185,797,395,290,780,404,24,562,217,355,177
g12,557,164,333,518,251,140,127,602,716,845,998,592,0,471,720,281,922,220,755,662,150,572,314,879,861,421,697,182,289,509,14,282,1004,157,470,808,278,803,257,644,186,401,468,164,752,616,719,801,855,1036,276,826,170,810,305,724,281,694,104,393,322,783,739,605,800,243,256,658,684,51,565,936,1112,130,489,738,94,608,346,965,410,788,576,498,665,726,371,441,637,842,672,665,696,861,274,663,674,304,229,1106,737,357,196,498,661,98,688,936,97,895,471,759,321,262,453,335,1001,878,188,127,627,233,1009,109,736,526,146,754,101,264,670,370,79,553,540,691,584,951,872,668,987,790,290,222,627,740,710,677,918,188,214,203,372,283,669,327,792,900,546,1135,527,609,845,117,680,251,1054,320,252,518,174,828,645,518,738,846,173,425,598,902,135,148,469,651,264,580,721,551,210,742,1016,685,342,136,142,307,450,429,238,211,815,796,856,771,65,389,519,390,283,192,679,333,72,370,563,359,437,68,284,460,558,284,900,650,282,699,684,145,781,344,795,192,671,303,60,857,905,441,144,775,222,198,498,842,189,606,959,429,631,648
g13,586,366,140,139,430,331,386,291,436,721,549,158,471,0,427,408,461,325,620,275,470,165,264,412,674,413,270,336,387,97,483,342,537,399,165,496,430,479,221,213,377,305,348,376,623,182,353,446,686,570,385,371,300,402,194,410,326,365,456,78,587,313,504,285,338,301,218,282,297,484,462,520,649,543,152,589,377,273,620,494,578,339,110,444,232,262,149,32,386,464,502,199,418,647,251,192,240,545,508,645,279,247,579,45,408,373,509,494,552,431,428,511,388,428,321,292,556,481,540,471,367,425,574,577,683,466,613,287,437,340,305,445,460,133,261,448,265,481,535,198,559,647,748,250,499,331,407,538,452,320,259,271,100,735,478,416,342,429,172,672,579,140,571,398,213,317,600,259,321,230,642,432,179,97,274,509,535,215,544,466,381,524,299,309,703,459,272,311,377,696,572,535,254,605,613,290,605,62,672,668,655,698,474,698,528,424,590,592,665,310,541,209,448,148,414,282,42,403,307,112,107,252,532,534,229,441,424,376,317,219,736,303,584,310,512,409,523,277,590,334,661,275,156,666,283,180,550,59,267,182
g14,1009,701,505,554,802,614,594,139,833,1141,738,296,720,427,0,479,633,685,1041,181,796,554,663,563,1081,355,245,538,460,511,726,447,655,573,289,869,496,847,563,556,725,322,267,712,1045,285,122,797,1098,677,770,595,585,710,443,795,443,71,763,464,954,484,910,143,551,476,509,655,171,758,247,786,761,838,576,1009,646,673,987,578,974,309,376,869,265,503,558,449,799,791,923,469,27,1049,452,434,566,916,859,768,531,364,894,458,69,634,163,718,757,592,853,912,786,804,273,698,755,783,866,641,780,791,794,794,1111,892,860,381,744,722,681,850,663,526,682,71,165,583,886,395,798,1066,1006,535,925,657,798,962,603,660,576,544,453,1001,897,444,593,531,255,777,999,387,955,710,465,469,761,659,697,653,883,746,362,506,362,864,855,641,972,709,701,836,726,698,985,226,555,169,736,1124,770,205,662,847,844,687,1007,402,958,930,1071,1122,795,1124,785,394,1008,980,986,531,965,400,738,392,841,695,461,658,696,540,479,440,856,960,605,51,50,576,533,626,1162,533,1011,419,729,642,835,703,864,285,943,554,579,1077,562,274,822,479,652,465
g15,765,354,327,522,472,248,165,390,796,1009,952,457,281,408,479,0,858,378,909,478,408,564,428,800,996,142,535,141,23,491,282,66,923,125,309,874,22,861,305,621,385,166,212,362,909,476,513,840,999,954,469,774,240,809,222,785,82,472,363,356,588,698,844,397,737,122,242,677,496,330,288,929,1038,412,510,885,249,648,616,867,654,635,480,664,513,662,402,393,726,865,804,599,452,983,165,582,648,561,488,1037,682,174,477,452,413,235,416,901,288,823,639,859,507,480,208,465,961,887,464,172,711,455,982,327,925,694,400,634,349,432,697,572,207,535,603,436,380,859,925,570,968,943,542,233,775,737,777,825,843,336,275,219,324,542,791,45,748,802,386,1060,742,516,934,332,610,100,999,431,409,572,419,837,536,495,614,898,449,497,777,874,336,426,574,691,535,305,679,319,408,934,977,408,448,386,378,440,694,347,512,472,961,969,877,953,340,108,739,643,564,161,827,199,330,261,695,481,397,242,429,466,515,160,932,806,363,447,436,150,716,427,984,171,841,99,268,815,926,543,420,616,495,227,518,982,228,460,959,402,656,583
g16,807,790,589,411,811,783,847,568,440,750,105,414,922,461,633,858,0,737,680,468,887,358,646,69,650,824,395,797,835,413,935,793,92,860,558,402,880,378,664,284,791,721,733,798,688,403,510,318,678,123,758,98,754,208,654,388,777,566,886,534,950,164,515,557,122,760,677,319,468,927,811,188,190,971,447,649,829,383,979,116,894,326,377,678,390,198,555,486,474,273,591,262,645,604,710,275,255,909,899,184,184,685,993,426,666,827,786,99,1009,40,681,500,737,804,713,651,122,230,950,933,463,814,163,1031,798,681,1058,256,869,727,327,766,919,371,456,695,555,93,370,290,174,686,1180,708,633,233,405,637,34,749,708,730,560,1165,560,855,135,113,493,213,820,342,485,831,249,774,142,639,718,457,1087,232,327,404,277,363,949,537,720,114,812,944,557,361,1126,798,202,639,781,812,137,826,622,1051,1062,667,905,517,1095,1104,672,763,265,788,973,846,841,922,1066,771,640,661,886,600,588,629,488,857,692,466,364,709,308,658,648,678,666,837,143,601,824,764,710,758,968,88,275,563,1025,349,1088,732,439,659,740,420,220,493,345,278
g17,387,57,192,325,117,133,233,549,496,645,803,475,220,325,685,378,737,0,549,576,151,379,97,703,649,482,588,237,371,328,234,338,824,273,398,589,388,584,121,453,54,413,484,62,547,500,647,585,646,856,94,639,138,604,246,505,325,640,152,250,271,615,520,548,619,271,180,450,599,203,604,729,927,234,290,529,155,395,304,796,295,664,434,294,551,550,186,292,417,628,457,494,666,645,260,501,482,231,183,919,556,344,259,335,641,164,704,738,317,715,268,540,129,119,461,115,804,667,218,304,407,106,807,324,550,324,330,609,137,54,459,195,263,367,324,678,525,779,653,517,782,584,444,163,417,537,491,468,738,42,116,167,246,428,452,416,603,733,457,950,364,461,625,105,511,292,861,104,34,305,358,618,503,338,597,627,214,211,404,702,85,208,248,437,389,613,534,525,53,558,818,714,125,327,342,87,332,307,359,368,606,600,643,580,251,465,363,296,340,218,469,294,161,293,347,139,283,181,65,272,385,273,684,444,96,679,663,240,602,136,610,208,472,335,279,664,691,221,290,658,351,157,299,631,153,495,750,269,422,478
g18,251,596,604,486,509,680,781,909,244,102,670,747,755,620,1041,909,680,549,0,870,623,491,481,700,119,982,833,774,898,530,768,856,766,820,782,285,924,307,605,512,570,885,946,593,8,763,948,364,103,788,478,610,676,472,714,295,840,975,658,610,541,680,165,902,629,789,671,414,888,721,1068,537,814,703,468,33,704,375,551,791,429,848,669,257,799,615,527,606,246,415,118,610,1035,145,758,643,517,520,570,797,596,813,675,584,1028,714,1129,609,848,690,283,181,433,497,918,445,657,467,639,853,264,526,628,843,126,228,816,754,655,497,392,391,811,517,359,1068,883,768,343,682,592,35,866,676,134,466,282,85,705,590,635,690,636,844,145,940,579,757,789,833,284,666,227,640,622,812,726,478,515,390,839,450,702,535,758,335,650,427,166,576,624,664,341,363,795,1069,559,930,545,139,662,1153,461,820,841,472,409,662,773,817,63,86,427,108,762,976,306,468,693,749,82,759,684,718,216,428,594,729,488,509,565,768,413,105,546,1060,1043,786,629,485,144,739,94,840,815,594,443,371,759,858,776,683,464,96,683,771,528,578,405,606
g19,860,604,384,387,690,535,546,105,655,969,574,123,662,275,181,478,468,576,870,0,706,380,533,399,904,395,74,487,456,345,671,426,504,538,192,688,499,665,456,376,623,314,296,615,875,107,78,616,922,530,650,420,504,529,359,616,416,110,681,331,846,311,733,94,375,429,418,475,23,691,348,610,616,764,413,837,575,497,879,433,849,167,201,717,84,323,420,303,626,610,752,287,185,871,390,252,385,806,758,621,351,317,812,296,199,566,320,546,720,428,703,734,658,690,284,564,589,603,778,613,607,681,625,754,947,737,808,211,661,603,501,718,622,353,514,232,102,432,704,214,625,894,952,450,759,475,620,793,442,559,480,464,330,944,725,458,414,377,119,634,854,207,774,624,284,431,604,528,581,487,835,565,181,338,191,682,769,490,813,534,611,754,570,520,920,333,373,184,629,960,605,359,526,797,799,559,878,270,891,873,897,953,614,958,726,427,865,860,902,471,796,330,663,296,678,557,314,594,572,383,305,381,675,794,486,217,203,530,357,490,996,470,847,391,686,467,654,550,800,145,877,472,414,901,481,99,646,332,474,283
g20,412,104,332,476,114,183,243,666,618,709,951,615,150,470,796,408,887,151,623,706,0,529,242,854,734,538,726,280,411,479,159,391,975,284,520,713,410,712,253,603,96,495,566,94,619,640,773,720,726,1007,155,789,211,748,354,635,384,758,46,393,179,766,628,667,770,335,290,595,729,104,676,873,1077,89,440,610,162,537,207,947,260,807,580,369,691,701,337,437,538,766,551,645,774,739,346,651,632,156,80,1069,707,435,109,485,744,176,790,886,230,866,343,650,198,126,546,246,952,808,71,274,531,98,953,220,593,396,198,757,59,166,601,232,226,518,462,779,644,930,781,665,927,658,295,261,501,683,619,550,889,150,226,252,383,278,553,453,753,884,587,1100,381,609,738,86,662,350,1010,249,169,447,224,759,650,489,744,756,64,356,461,850,95,57,374,576,238,688,684,629,108,599,966,793,268,199,219,225,300,445,208,223,685,657,781,629,139,512,371,241,196,275,551,396,81,412,447,272,430,166,199,424,536,358,818,521,245,783,767,259,753,286,652,270,535,401,203,813,828,352,148,799,200,242,449,714,234,633,891,417,567,629
g21,516,433,251,53,456,436,512,428,281,589,427,258,572,165,554,564,358,379,491,380,529,0,288,328,527,578,343,471,544,73,585,498,446,534,326,333,584,314,316,74,432,470,512,440,495,272,457,281,543,478,403,260,410,248,343,249,481,486,529,208,601,253,355,420,243,449,344,117,397,572,624,371,548,613,89,458,481,118,631,425,559,372,178,372,308,181,201,172,246,302,373,141,550,496,400,165,103,559,543,540,181,410,634,119,548,481,659,364,663,338,366,359,387,449,486,296,429,324,592,600,227,457,438,681,574,385,703,286,512,370,140,425,579,31,143,588,404,406,370,200,418,514,823,371,386,175,249,416,361,392,361,393,240,807,345,576,224,366,310,571,519,175,411,475,157,467,484,281,360,125,732,273,213,69,284,344,590,183,451,330,456,586,227,148,768,619,155,464,423,588,444,688,264,697,709,309,578,225,737,747,517,574,313,581,619,587,535,583,709,443,419,368,531,308,310,275,167,510,334,112,75,404,369,420,292,578,561,506,227,242,620,434,474,469,622,286,362,222,668,377,730,393,81,522,400,281,399,162,103,130
g22,358,155,158,235,171,205,305,524,403,581,709,422,314,264,663,428,646,97,481,533,242,288,0,616,572,512,534,293,418,245,329,377,735,342,373,494,442,488,127,362,147,427,495,160,480,446,608,488,573,767,122,548,196,507,250,409,363,610,249,202,325,532,433,521,531,310,196,353,556,301,618,632,835,329,199,458,239,298,357,711,315,601,369,239,496,465,115,233,325,531,380,412,647,564,284,423,390,283,256,826,468,353,346,264,627,246,705,643,412,627,214,452,124,167,469,38,709,570,303,385,313,170,711,421,500,267,427,537,235,82,362,187,349,280,227,666,498,693,557,444,686,515,538,195,347,441,396,397,649,126,153,209,210,521,370,461,511,649,418,858,343,392,535,202,429,332,768,7,72,207,456,520,435,256,527,531,302,114,351,607,182,300,158,339,480,623,444,514,135,511,723,720,27,424,439,26,346,264,450,464,534,541,546,526,348,501,348,328,421,268,399,299,258,278,269,52,222,267,46,189,304,295,587,377,68,664,647,308,515,48,559,258,413,366,372,571,593,128,386,597,443,201,207,557,202,444,652,205,325,397
g23,807,754,545,380,785,739,798,500,456,777,175,350,879,412,563,800,69,703,700,399,854,328,616,0,681,760,326,746,777,375,892,736,125,809,496,432,822,407,623,257,757,659,669,763,707,338,441,346,708,158,732,90,710,232,602,404,721,497,850,487,929,102,535,489,86,706,629,313,399,887,743,244,238,936,417,668,785,375,958,99,880,257,320,672,322,153,518,439,479,309,603,214,576,636,656,220,231,887,872,237,147,626,961,381,597,783,717,161,964,28,672,523,714,778,649,625,191,274,919,883,466,786,231,987,813,677,1018,188,832,698,326,748,872,336,443,626,487,78,410,230,240,710,1145,662,640,237,419,650,44,711,665,683,512,1130,572,796,124,58,429,261,817,284,519,794,199,719,206,609,687,439,1047,263,265,365,209,399,917,511,724,166,775,911,542,360,1093,730,175,572,749,827,206,757,593,1011,1020,638,894,465,1062,1067,698,785,304,806,932,784,836,906,1037,721,653,605,848,545,587,604,442,813,662,430,321,655,354,668,611,608,597,787,101,569,844,714,722,700,923,113,323,544,988,279,1053,686,410,688,694,355,279,449,336,231
g24,370,699,679,535,620,776,877,955,249,111,622,784,861,674,1081,996,650,649,119,904,734,527,572,681,0,1057,859,865,983,578,874,939,729,914,839,249,1012,274,691,532,675,956,1013,697,126,797,980,335,31,748,585,594,769,449,791,294,923,1012,767,676,660,679,171,947,621,874,754,431,920,830,1133,486,762,816,523,124,804,408,670,765,548,860,705,365,828,621,601,664,287,377,192,628,1078,48,839,663,530,638,684,744,598,886,791,634,1075,813,1182,568,955,667,391,171,540,608,985,540,607,423,754,953,306,636,572,953,225,338,929,764,762,599,406,503,912,556,414,1115,930,742,286,704,537,89,983,763,234,461,287,184,679,689,725,779,705,962,205,1024,569,740,835,779,403,697,166,744,638,897,674,569,614,446,953,419,728,582,772,288,764,502,284,539,727,777,421,384,913,1131,563,985,650,234,610,1209,550,932,953,567,528,722,890,933,57,151,386,192,872,1055,425,587,812,839,183,833,791,787,303,520,654,830,585,568,603,848,356,213,634,1105,1088,881,625,569,214,829,213,920,921,570,389,453,872,873,893,772,518,23,774,807,471,640,430,627
g25,865,470,378,545,588,364,298,294,838,1084,925,410,421,413,355,142,824,482,982,395,538,578,512,760,1057,0,461,258,131,507,422,148,879,263,268,906,152,890,385,623,500,108,99,479,982,422,411,859,1064,908,576,751,347,811,268,818,157,362,495,384,716,660,896,303,709,211,316,695,409,468,146,922,993,551,543,954,376,679,745,814,772,561,455,751,449,638,456,408,776,877,870,579,328,1038,228,555,646,686,615,995,662,172,615,459,287,362,275,881,430,786,727,907,609,595,112,551,936,890,598,314,758,572,963,469,1012,779,542,581,479,534,718,676,348,546,648,304,293,810,948,533,954,1014,684,321,849,741,813,896,805,444,368,315,354,684,852,98,730,753,331,1014,845,487,975,457,586,192,966,512,509,616,561,842,496,509,560,922,584,555,863,859,457,561,641,719,677,163,667,215,520,1023,952,266,526,528,520,528,811,353,654,614,1028,1048,886,1037,481,39,845,765,703,269,899,224,463,274,765,561,416,375,523,498,516,216,945,882,444,317,308,281,688,498,1071,277,923,147,410,795,934,610,561,540,637,325,551,1045,329,406,955,427,678,565
g26,843,622,396,360,698,564,586,177,609,929,500,113,697,270,245,535,395,588,833,74,726,343,534,326,859,461,0,528,512,322,707,478,430,582,233,635,556,611,473,327,638,374,364,633,838,88,126,559,878,457,655,350,532,466,391,567,467,175,705,338,855,240,689,167,306,473,444,428,74,721,421,541,542,790,391,800,606,457,888,359,848,100,174,698,38,259,419,301,587,549,716,232,253,823,429,197,331,814,772,547,287,367,834,279,271,599,392,475,761,354,687,688,658,697,349,562,516,538,798,659,568,692,552,793,917,717,843,138,686,609,453,714,663,320,484,302,171,358,646,156,554,855,985,478,729,417,572,759,368,577,503,494,343,976,688,518,347,303,153,561,840,168,722,647,225,478,530,529,589,459,870,503,131,313,118,625,790,476,789,464,633,777,550,475,948,406,313,255,641,931,532,431,524,833,836,560,874,281,919,906,855,917,552,925,759,491,853,862,923,509,762,370,690,326,650,551,312,628,576,367,273,423,613,763,494,286,273,571,288,489,964,506,817,443,725,397,590,534,830,82,906,502,390,857,510,93,577,329,430,232
g27,624,214,221,423,333,107,59,421,677,873,884,430,182,336,538,141,797,237,774,487,280,471,293,746,865,258,528,0,136,400,188,111,872,63,296,761,151,750,176,537,245,221,289,223,773,453,540,735,866,904,328,707,99,719,145,672,104,513,238,266,457,646,719,425,674,61,127,576,508,222,395,843,985,303,404,751,117,539,486,824,516,623,430,526,499,598,287,312,604,766,672,535,514,855,98,526,566,427,356,981,615,176,364,373,480,104,513,827,233,766,500,735,366,341,273,328,890,794,342,136,589,316,905,266,785,555,324,601,221,291,594,431,135,446,486,511,404,813,816,523,887,808,470,106,640,647,662,690,788,195,139,86,237,464,661,181,676,759,375,1007,600,465,814,198,548,71,936,296,268,457,349,743,495,407,584,789,329,373,637,797,199,308,445,583,447,408,605,368,267,794,906,513,314,312,312,302,555,282,420,392,827,831,779,814,247,235,598,507,455,28,692,158,208,207,561,346,312,122,290,364,437,106,830,670,231,517,503,43,654,297,845,38,703,123,198,743,829,413,326,609,404,92,413,849,90,441,870,311,553,518
g28,759,351,310,503,470,244,168,369,780,998,930,434,289,387,460,23,835,371,898,456,411,544,418,777,983,131,512,136,0,471,290,46,901,131,286,857,45,843,293,601,382,144,193,359,898,453,491,821,986,932,464,752,233,789,203,768,63,451,366,337,589,675,829,375,715,108,228,658,474,337,276,908,1015,419,492,873,249,630,618,844,652,612,458,655,490,640,386,373,711,846,791,577,434,969,147,560,628,561,489,1015,660,151,484,431,395,235,403,879,302,800,630,843,501,477,187,455,939,867,468,185,695,452,960,341,916,684,413,611,351,425,678,566,217,515,587,419,358,836,906,547,946,931,556,222,763,717,760,813,821,331,265,209,305,555,777,44,727,780,363,1037,736,493,918,332,587,86,977,420,401,556,432,817,513,475,591,879,454,482,767,852,335,431,561,673,546,292,658,298,404,925,955,396,436,399,392,430,692,326,523,485,949,959,857,943,350,101,734,642,572,154,815,178,334,240,682,470,377,245,421,448,495,141,913,795,351,429,418,152,693,413,975,163,831,77,281,793,907,530,430,593,506,218,500,969,220,437,938,383,637,561
g29,521,378,181,43,417,371,443,379,339,631,490,221,509,97,511,491,413,328,530,345,479,73,245,375,578,507,322,400,471,0,522,425,498,463,262,400,511,382,251,137,382,400,445,387,534,241,424,352,592,531,366,317,343,320,269,313,408,445,474,135,568,288,408,372,293,376,273,188,365,513,560,443,604,560,68,498,416,175,600,468,540,370,148,376,284,222,142,99,291,375,411,167,504,551,327,178,167,526,501,598,230,338,586,55,498,415,603,430,598,389,365,414,357,412,418,261,494,396,545,531,272,415,506,618,602,395,644,296,457,327,210,405,512,45,171,538,353,451,440,203,487,556,769,302,414,247,310,450,412,336,295,324,167,754,386,503,283,405,259,627,519,159,473,418,184,394,545,238,314,142,673,346,203,10,289,414,542,159,468,398,399,535,228,212,717,556,212,406,375,615,510,631,226,637,648,269,563,154,686,691,562,611,386,613,559,516,533,560,665,372,453,295,473,236,332,245,94,445,292,56,59,331,442,449,235,530,513,436,275,197,652,364,502,396,557,349,435,213,612,370,677,324,68,571,331,246,471,89,170,151
g30,569,178,346,532,263,152,131,610,731,858,1012,603,14,483,726,282,935,234,768,671,159,585,329,892,874,422,707,188,290,522,0,286,1017,159,479,823,277,818,270,658,200,406,472,178,765,627,727,816,869,1049,290,840,183,825,315,739,285,701,115,405,329,796,753,613,813,250,268,673,693,57,567,951,1126,132,503,752,106,623,352,977,419,798,588,511,675,739,385,453,652,857,686,678,702,875,282,675,688,313,237,1120,751,364,199,511,667,110,691,950,83,909,485,774,335,275,458,349,1015,893,193,122,641,245,1023,95,748,539,137,766,114,278,685,382,76,566,555,696,592,964,887,680,1001,803,282,234,640,755,725,691,931,203,227,215,384,276,683,327,806,912,556,1149,539,622,859,131,693,257,1068,335,267,532,163,842,657,531,750,860,178,439,611,916,149,154,483,665,259,582,735,557,224,754,1030,687,356,126,130,322,460,440,234,204,828,808,871,783,60,390,530,398,283,200,692,341,84,380,577,374,449,80,299,474,571,292,915,664,296,704,690,149,794,359,808,201,684,308,46,871,919,456,140,786,218,209,512,855,201,616,974,443,646,661
g31,724,322,265,457,441,216,156,345,734,957,887,396,282,342,447,66,793,338,856,426,391,498,377,736,939,148,478,111,46,425,286,0,860,127,248,811,87,798,251,555,353,124,186,332,856,415,467,775,943,891,431,709,200,743,157,722,17,431,349,291,568,633,785,350,672,67,185,612,445,327,285,862,974,409,446,831,228,584,597,804,624,578,416,616,455,596,341,327,666,800,748,533,421,925,102,517,582,538,467,973,616,112,472,386,384,215,406,835,310,758,591,799,466,448,174,415,895,821,452,195,650,424,916,347,877,645,415,573,332,391,632,533,217,469,542,412,332,796,860,506,902,889,560,182,722,671,714,771,779,298,227,172,259,557,734,84,682,740,327,996,702,451,873,309,544,46,934,379,366,510,437,771,473,430,553,834,439,438,728,808,309,417,518,627,545,299,613,280,374,887,911,404,395,401,397,391,664,281,520,486,906,918,811,904,346,127,701,617,562,121,773,133,318,195,640,429,331,230,383,402,449,95,867,754,310,420,407,138,650,371,936,130,791,35,283,749,861,487,426,560,504,181,454,926,184,401,893,337,591,518
g32,900,876,670,499,901,864,923,608,528,832,122,470,1004,537,655,923,92,824,766,504,975,446,735,125,729,879,430,872,901,498,1017,860,0,934,618,484,946,460,747,373,878,779,785,885,774,456,534,402,757,32,849,188,835,295,728,477,845,593,972,612,1042,226,601,597,205,831,755,412,500,1011,852,248,115,1058,536,735,910,476,1071,78,986,346,444,770,433,277,640,565,565,353,680,339,670,682,782,346,345,1001,989,117,268,749,1081,506,696,908,814,161,1089,108,774,585,828,895,766,741,142,305,1039,1008,555,903,189,1112,885,773,1142,298,955,816,420,858,997,457,549,721,598,72,444,353,214,770,1267,787,723,326,494,726,86,834,790,808,637,1252,649,918,226,127,548,136,913,409,563,917,324,844,112,728,807,549,1171,316,387,488,319,441,1037,627,811,190,898,1032,650,454,1214,837,291,683,869,899,150,855,711,1135,1145,756,998,590,1183,1190,754,848,343,874,1056,904,933,1015,1155,847,729,730,971,671,680,719,568,938,781,552,445,780,378,748,734,702,693,913,223,689,910,840,800,824,1048,180,344,655,1111,370,1175,811,528,739,819,472,274,574,438,356
g33,656,239,283,485,355,140,42,465,734,917,947,488,157,399,573,125,860,273,820,538,284,534,342,809,914,263,582,63,131,463,159,127,934,0,349,819,126,809,233,600,270,251,313,246,819,510,585,795,914,966,360,770,145,782,206,730,129,554,238,330,463,708,772,469,737,109,189,638,558,205,407,906,1047,287,465,798,128,599,491,886,534,679,491,567,555,661,347,375,659,828,722,598,548,906,155,588,629,438,363,1044,678,221,352,436,511,115,531,890,185,829,541,789,401,365,301,375,953,856,338,76,645,337,968,221,823,597,287,661,225,328,655,462,90,509,544,539,449,875,875,584,950,854,433,165,686,709,720,737,851,231,192,144,301,429,712,171,740,820,429,1070,630,526,870,211,611,107,999,345,307,515,309,805,555,470,643,848,323,430,677,860,218,300,497,643,418,422,668,405,294,832,969,527,365,274,270,347,574,344,393,358,875,873,841,854,219,232,626,521,440,90,739,213,204,266,610,394,375,117,332,426,500,160,892,715,284,548,535,33,716,352,883,99,745,154,155,806,890,466,299,664,377,148,474,898,144,497,933,374,614,581
g34,724,420,215,305,515,344,355,151,602,884,657,148,470,165,289,309,558,398,782,192,520,326,373,496,839,268,233,296,286,262,479,248,618,349,0,659,331,640,276,360,442,163,189,431,784,167,253,603,851,648,481,482,313,546,167,574,236,241,492,179,669,395,670,149,441,240,229,442,214,499,298,654,733,573,315,751,383,438,702,559,685,331,186,588,207,369,273,176,552,615,664,310,273,813,198,286,382,630,577,733,393,136,623,208,255,374,347,612,530,521,569,677,496,516,164,409,668,625,591,426,533,504,694,562,838,612,616,325,472,433,466,561,431,294,426,295,126,551,694,267,685,810,760,260,657,478,572,699,540,377,294,273,164,752,641,300,462,495,80,754,712,218,736,435,317,245,700,370,409,394,642,578,231,261,305,668,581,363,694,590,424,565,451,473,728,294,399,148,450,850,684,371,373,605,607,398,718,120,699,681,819,858,624,855,534,288,720,691,714,279,702,138,472,107,572,408,187,402,406,273,256,190,684,692,316,292,274,339,420,338,892,277,740,213,494,526,671,425,608,314,686,282,321,831,290,152,687,203,429,297
g35,470,646,547,360,606,694,788,754,95,348,384,576,808,496,869,874,402,589,285,688,713,333,494,432,249,906,635,761,857,400,823,811,484,819,659,0,893,25,586,313,631,799,845,649,294,584,759,86,276,505,558,346,677,200,654,89,794,799,733,524,700,436,128,744,375,753,636,218,702,791,957,251,528,802,365,257,732,227,721,517,610,623,499,381,607,384,474,497,174,131,224,402,870,204,709,438,304,667,689,511,359,735,797,452,873,737,987,325,906,418,398,107,519,595,818,474,371,181,755,873,182,617,342,913,410,369,910,527,722,551,193,513,841,365,275,911,730,494,71,478,307,287,998,655,281,221,99,264,431,620,628,675,555,978,200,893,322,491,638,547,494,483,89,694,409,774,440,488,557,304,937,170,508,399,537,53,760,390,371,293,674,766,341,187,931,952,326,796,610,423,377,1019,467,909,927,501,606,554,904,933,270,365,142,393,837,912,517,646,844,733,267,688,749,632,282,449,490,761,525,410,405,716,132,294,538,899,883,787,381,470,428,723,337,786,867,321,159,367,861,638,902,671,357,256,675,597,245,480,229,405
g36,775,361,346,542,479,256,168,410,814,1023,974,480,278,430,496,22,880,388,924,499,410,584,442,822,1012,152,556,151,45,511,277,87,946,126,331,893,0,880,320,642,392,186,229,369,923,498,533,860,1014,977,478,796,251,830,242,804,104,491,365,376,590,720,861,417,759,140,259,697,517,328,298,950,1060,409,529,900,253,667,617,889,660,657,503,677,535,684,420,414,744,886,820,621,469,999,185,604,670,564,490,1060,704,196,475,473,430,240,428,923,278,845,651,876,517,488,226,479,983,908,463,163,728,461,1003,317,937,706,391,657,351,442,717,581,201,556,621,451,401,881,944,592,989,957,532,248,789,758,795,839,866,346,289,233,344,532,807,54,770,825,408,1082,751,538,952,337,632,119,1021,445,419,591,409,858,559,516,637,917,449,514,789,896,342,425,590,710,527,315,701,338,415,946,999,418,462,377,368,453,700,369,505,463,976,982,898,965,335,116,748,647,561,174,841,221,331,283,710,495,418,244,441,486,537,180,952,820,378,463,452,154,738,442,996,184,854,121,261,837,947,559,414,638,488,241,538,997,241,483,980,422,676,605
g37,483,641,534,344,606,686,779,732,99,372,363,554,803,479,847,861,378,584,307,665,712,314,488,407,274,890,611,750,843,382,818,798,460,809,640,25,880,0,576,291,627,782,827,645,315,562,736,61,300,482,557,320,668,174,640,79,781,776,730,509,705,411,146,723,349,741,625,198,678,787,938,231,507,801,351,278,725,213,727,492,618,598,477,388,584,359,463,481,175,108,239,379,847,229,696,414,280,671,690,490,334,719,798,434,851,730,966,302,901,393,403,126,519,596,800,470,350,159,756,865,180,617,323,909,430,377,908,502,719,548,174,516,833,346,266,890,709,469,69,454,288,310,999,644,294,196,92,281,406,615,619,664,541,979,213,879,296,466,617,526,506,461,114,690,385,761,419,482,553,293,935,146,484,381,512,44,760,382,385,270,670,765,338,171,933,933,301,776,608,444,356,998,461,907,924,496,615,537,905,933,294,388,120,415,834,897,529,653,847,722,283,673,745,617,288,445,474,754,521,396,385,702,119,309,530,877,861,778,355,463,450,712,354,771,861,296,143,363,860,613,903,661,343,281,665,574,227,464,211,382
